$ 1 0.000005 10.20027730826997 46 5 43 5e-11
a 240 128 352 128 8 15 -15 1000000 7.499971602621282 7.500000000000003 100000
a 240 256 352 256 8 15 -15 1000000 7.499878399810726 7.500000000000003 100000
w 240 240 240 192 0
w 240 192 352 192 0
r 352 128 352 192 0 1000
r 352 192 352 256 0 1000
w 240 144 208 144 0
w 240 272 208 272 0
w 208 272 208 144 0
c 208 272 208 336 0 1.0000000000000001e-7 7.500000000000003 0.001
g 208 336 208 352 0 0
r 240 272 240 336 0 1000
w 240 336 208 336 0
r 208 272 144 272 0 1000
R 144 272 112 272 0 0 40 15 0 0 0.5
r 352 48 240 48 0 4700
w 240 48 240 112 0
w 352 48 352 128 0
r 240 112 144 112 0 1000
c 144 112 112 112 0 0.000009999999999999999 7.508065532582031 0.001
R 112 112 80 112 0 1 200 1 0 0 0.5
r 416 256 416 192 0 15
l 416 128 416 192 0 0.068 -0.007657268550936817 0
w 416 128 352 128 0
w 352 256 416 256 0
p 480 128 480 256 1 0 0
w 480 256 416 256 0
w 416 128 480 128 0
o 25 64 0 4098 20 0.1 0 3 20 0 20 3
