$ 1 0.000005 10.20027730826997 60 5 43 5e-11
a 240 128 320 128 8 15 -15 1000000 7.49989429359933 7.499999999999746 100000
a 240 256 320 256 8 15 -15 1000000 7.499955673697536 7.499999999999746 100000
w 240 240 240 192 0
w 240 192 416 192 0
r 416 128 416 192 0 10000
r 416 192 416 256 0 10000
w 240 144 208 144 0
w 240 272 208 272 0
w 208 272 208 144 0
c 208 272 208 336 0 1.0000000000000001e-7 7.499999999999746 0.001
g 208 336 208 352 0 0
r 240 272 240 336 0 10000
w 240 336 208 336 0
r 208 272 144 272 0 10000
R 144 272 112 272 0 0 40 15 0 0 0.5
r 416 48 240 48 0 4700
w 240 48 240 112 0
w 416 48 416 128 0
r 240 112 144 112 0 1000
c 144 112 112 112 0 0.000001 8.06492917229599 0.001
R 112 112 80 112 0 1 200 1 0 0 0.5
r 480 256 480 192 0 15
l 480 128 480 192 0 0.068 0.08192659398737377 0
w 384 256 416 256 0
p 544 128 544 256 1 0 0
w 480 256 416 256 0
w 416 128 480 128 0
r 320 128 352 128 0 1000
t 352 112 384 112 0 1 -5.245299898259258 0.7094150442075016 100 default
t 352 144 384 144 0 -1 9.754700101740742 0.7094150442075016 100 default
w 352 112 352 128 0
w 352 144 352 128 0
g 384 160 384 176 0 0
R 384 96 384 64 0 0 40 15 0 0 0.5
w 416 128 384 128 0
w 480 128 544 128 0
w 544 256 480 256 0
R 384 224 384 192 0 0 40 15 0 0 0.5
g 384 288 384 304 0 0
w 352 272 352 256 0
w 352 240 352 256 0
t 352 272 384 272 0 -1 5.245314650576244 -0.7093116392856054 100 default
t 352 240 384 240 0 1 -9.754685349423756 -0.7093116392856054 100 default
r 320 256 352 256 0 1000
o 24 64 0 4098 40 0.1 0 3 20 0 20 3
o 40 64 0 4098 20 0.0015625 1 2 40 3
