$ 1 0.000015625 27.727228452313398 40 5 50 5e-11
165 704 352 752 352 6 4.9957090188117705
R 768 320 768 288 0 0 40 5 0 0 0.5
g 800 512 800 560 0 0
w 704 448 704 480 0
c 704 480 704 544 0 1.0000000000000001e-7 4.602287665163875 0.001
g 704 544 704 560 0 0
r 704 448 832 448 0 10000
w 832 448 832 416 0
w 832 384 832 320 0
w 832 320 768 320 0
c 768 512 768 544 0 0.00001 4.782398053276045 0.001
g 768 544 768 560 0 0
r 832 448 896 448 0 1000
t 896 448 928 448 0 1 0.5988625013157765 0.7440699659481745 100 default
g 928 464 928 480 0 0
181 928 368 928 432 0 321.36573005605413 100 120 0.4 0.4
R 928 304 928 272 0 0 40 5 0 0 0.5
r 928 304 928 368 0 1
c 928 368 880 368 0 0.00001 4.690709048525339 0.001
g 880 368 864 368 0 0
r 560 528 640 528 0 100000
r 560 528 496 528 0 1000
g 496 528 480 528 0 0
w 560 576 560 528 0
w 640 528 640 592 0
r 640 592 640 656 0 10000
l 640 688 640 720 0 0.1 0.04128811830497639 0
c 560 656 560 720 0 0.00022 1.5374439596100735 0.001
g 560 720 560 736 0 0
g 640 784 640 800 0 0
w 560 656 560 608 0
a 560 592 640 592 8 5 0 1000000 0.049506423675778156 1.5374439596100735 100000
r 640 592 720 592 0 1000
w 720 592 768 512 0
211 832 448 864 544 0 1 8000 1
r 720 592 720 656 0 1000
R 720 656 720 688 0 0 40 5 0 0 0.5
c 512 656 512 720 0 0.00022 1.5377509495614432 0.001
c 464 656 464 720 0 0.00022 1.5379555743336601 0.001
w 464 720 512 720 0
w 512 720 560 720 0
r 512 656 560 656 0 0.01
r 464 656 512 656 0 0.01
l 640 656 640 688 0 0.1 0.04128811830497639 0
l 640 720 640 752 0 0.1 0.04128811830497639 0
r 416 656 464 656 0 0.01
w 416 720 464 720 0
c 416 656 416 720 0 0.00022 1.5380578761608772 0.001
l 640 752 640 784 0 0.1 0.04128811830497639 0
w 560 656 640 656 0
o 27 64 0 12806 1.768460819432517 0.0001 0 2 27 3
o 33 64 0 4098 5 0.00625 1 2 33 3
