$ 1 3e-10 10.20027730826997 50 5 43 5e-11
R 816 272 816 224 0 0 40 5 0 0 0.5
r 816 272 816 384 0 470
r 736 272 736 432 0 68000
w 736 272 816 272 0
t 736 432 816 432 0 1 -4.151936252910915 -0.6566210662704783 100 default
w 816 384 816 416 0
w 816 384 672 384 0
368 1312 400 1376 400 0 0
r 816 448 816 528 0 22
w 816 528 672 528 0
c 736 432 672 432 0 4.700000000000001e-9 -4.963725032317614 0.001
c 672 432 672 528 0 6.8e-10 4.307103966123877 0.001
l 576 432 672 432 0 0.00006799999999999999 0.009435404355453753 0
w 576 528 672 528 0
g 672 528 672 544 0 0
w 576 432 576 384 0
w 576 384 672 384 0
c 576 432 576 528 0 6.8e-10 3.4953151867171783 0.001
r 816 384 896 384 0 1000
t 896 384 944 384 1 -1 -0.5931674618238105 3.620598351041845 100 default
r 944 400 1024 400 0 1000
r 944 400 944 528 0 1000
w 944 528 816 528 0
t 1024 400 1056 400 0 1 -1.5140069998465568 0.6609510190147069 100 default
w 1056 416 1056 528 0
w 1056 528 944 528 0
w 944 368 944 272 0
w 944 272 816 272 0
r 1056 384 1056 272 0 100
w 1056 272 944 272 0
t 1184 336 1216 336 0 -1 -0.5665391996394309 0.4307453538449195 100 default
w 1216 320 1216 272 0
w 1216 272 1056 272 0
t 1184 464 1216 464 0 1 -5.331519009356821 0.6657655441275293 100 default
w 1216 352 1216 400 0
w 1216 448 1216 400 0
c 1216 400 1104 384 0 0.00009999999999999999 3.8223265346230866 0.001
c 1216 400 1312 400 0 6.5599999999999995e-12 -13.596478942463223 0.001
l 1312 400 1312 528 0 0.001 0.00015367927667145903 0
w 1312 528 1216 528 0
w 1216 528 1216 480 0
w 1216 528 1056 528 0
r 1184 464 1104 464 0 10000
r 1184 336 1104 336 0 10000
w 1104 336 1104 384 0
w 1104 384 1104 464 0
w 1104 384 1056 384 0
o 7 16 0 12298 20.57016589983532 0.0001 0 2 7 3
o 30 16 7 135170 5 0.1 1 1 0.3125
o 33 16 7 135170 5 0.1 1 1 0.625
