$ 1 0.000005 10.20027730826997 48 5 50 5e-11
a 528 192 608 192 8 15 0 1000000 4.761920237901792 4.761904761904766 100000
a 672 208 752 208 8 15 0 1000000 4.770482735140448 4.77040816326531 100000
a 784 192 864 192 8 15 0 1000000 0.04288662846071882 0.042812486193288035 100000
w 784 208 752 208 0
w 752 208 752 160 0
r 752 160 672 160 0 40000
w 672 160 672 192 0
r 608 192 672 192 0 10000
r 528 144 608 144 0 10000
w 528 176 528 144 0
w 608 144 608 192 0
r 528 144 464 144 0 40000
w 784 176 784 48 0
r 784 48 464 48 0 10000
r 784 48 864 48 0 10000
w 864 192 864 48 0
w 464 48 464 144 0
R 464 48 416 48 0 0 40 0 0 0 0.5
w 432 208 528 208 2
w 432 272 672 272 2
w 672 272 672 224 0
p 432 208 432 272 1 0 0
r 256 208 320 208 0 2.7
r 352 208 352 272 0 0.1
r 352 272 352 352 0 56
R 256 208 224 208 0 0 40 5 0 0 0.5
g 352 352 352 368 0 0
w 352 272 432 208 0
w 352 208 432 272 0
w 320 208 352 208 1
x 461 302 509 305 4 24 Vin\p
x 462 188 504 191 4 24 Vin-
x 434 20 477 23 4 24 Vref
b 576 16 884 72 0
x 642 -25 812 -22 4 24 G\s\q\s5\p5(R2/R1)
x 613 10 643 13 4 24 R1
x 812 8 842 11 4 24 R2
O 864 192 912 192 0 0
x 789 145 819 148 4 24 Rg
b 432 80 878 309 0
x 733 333 813 336 4 24 INA332
o 18 16 0 143618 4.77040816326531 0.0001 0 4 18 3 19 0 19 3
o 21 16 0 143618 0.00850340136054406 0.0001 1 1
o 15 16 0 143618 0.08577325692143764 0.0001 2 2 15 3
