$ 1 0.000005 10.20027730826997 57 5 50 5e-11
a 288 192 432 192 8 15 -15 1000000 2.417446442451019 2.417537038704423 100000
w 288 112 288 176 0
w 432 192 432 112 0
r 288 112 432 112 0 47000
r 192 112 288 112 0 47000
O 432 192 496 192 0 0
v 288 320 192 320 0 6 40 1 0 0 0.5
v 192 208 192 112 0 1 40 5 0 0 0.5
r 192 208 288 208 0 47000
r 288 208 288 272 0 47000
g 288 320 288 336 0 0
v 288 320 288 272 0 0 40 5 0 0 0.5
w 192 320 192 208 0
x 320 301 441 304 4 24 Ref\svoltage
x -30 328 166 331 4 24 Ground\sloop\snoise
x 68 171 130 174 4 24 signal
o 5 64 0 4098 20 0.1 0 1
