$ 1 0.000005 4.621633621589249 45 5 43 5e-11
v 304 272 368 272 0 6 40 0.5 0 0 0.5
v 464 272 464 192 0 1 100 5 0 0 0.5
v 368 272 464 272 0 1 60 3 0 0 0.5
v 304 272 304 192 0 1 100 5 0 0 0.5
w 304 272 272 272 0
w 272 272 272 192 0
w 464 272 496 272 0
w 496 272 496 192 0
409 320 32 400 32 1 0.6 -10.5090259130938 0.023100000000000002 0
r 320 48 320 112 0 1000
r 320 48 256 48 0 1000
r 320 -64 400 -64 0 1000
w 400 -64 400 32 0
w 320 16 320 -64 0
r 320 -64 256 -64 0 1000
w 256 48 272 192 0
w 256 -64 304 192 0
w 448 -64 496 192 0
w 448 48 464 192 0
r 512 -64 448 -64 0 1000
w 512 16 512 -64 0
w 592 -64 592 32 0
r 512 -64 592 -64 0 1000
r 512 48 448 48 0 1000
r 512 48 512 112 0 1000
409 512 32 592 32 1 0.6 -12.225660084501728 0.023100000000000002 0
r 32 64 80 64 0 1000
w -32 48 -32 0 0
w -32 0 144 0 0
t 80 48 112 48 0 1 -12.274663633265185 -0.27939061219785566 100 default
t 80 80 112 80 0 -1 11.725336366734815 -0.27939061219785566 100 default
w 80 48 80 64 0
w 80 64 80 80 0
w 144 0 144 64 2
w 144 64 112 64 0
r -64 -32 -64 80 0 1000
r -64 80 -64 144 0 1000
R -64 144 -64 176 0 0 40 -12 0 0 0.5
R -64 -32 -64 -64 0 0 40 12 0 0 0.5
w -64 80 -32 80 0
w 112 32 112 -32 0
w 112 -32 -64 -32 0
w 112 96 112 144 0
w 112 144 -64 144 0
w 144 144 112 144 0
w 0 16 80 48 2
409 -32 64 32 64 1 0.6 -11.098518199653533 0.023100000000000002 0
w 0 96 -64 144 0
w -64 -32 0 32 0
w 144 -32 112 -32 0
w 512 112 320 112 0
w 320 112 144 64 0
w 544 64 352 64 0
w 352 64 144 144 0
w 144 -32 352 0 0
w 352 0 544 0 0
b -112 -48 194 169 0
b 240 160 342 305 0
b 448 176 548 298 0
b 320 208 461 322 0
b 224 -112 420 134 0
b 432 -112 626 130 0
x -60 196 133 199 4 24 dual\srail\sgenerator
x 325 -128 539 -125 4 24 difference\samplifiers
x 298 353 494 356 4 24 Ground\sloop\snoise
x 146 297 303 300 4 24 Signal\ssources
x 492 299 649 302 4 24 Signal\ssources
o 12 64 0 12290 5.022058089001921 0.0001 0 4 12 3 21 0 21 3
o 33 64 0 12290 0.021954089780957534 0.0001 1 2 33 3
