$ 1 0.000005 10.20027730826997 50 5 50 5e-11
a 832 400 928 400 8 15 -15 1000000 0.999980000399992 1 100000
174 736 352 928 384 1 530 0.5 Resistance
w 928 400 928 352 0
g 736 352 720 352 0 0
368 928 352 976 352 0 0
R 832 416 800 416 0 0 40 1 0 0 0.5
a 1024 384 1104 384 8 15 -15 1000000 1.999940046749631 1.999960000799984 100000
a 1024 208 1104 208 9 15 -15 1000000 1.999979954850337 2 100000
r 1024 256 1104 256 0 25000
r 1024 336 1104 336 0 25000
w 1024 336 1024 368 0
w 1024 224 1024 256 0
w 1104 256 1104 208 0
w 1104 336 1104 384 0
r 1024 256 1024 336 0 220
r 1104 256 1184 256 0 40000
r 1184 256 1264 256 0 40000
a 1184 320 1264 320 8 15 -15 1000000 0.9977026087503854 0.9977025176528975 100000
w 1184 304 1184 256 0
w 1264 320 1264 256 0
r 1104 336 1184 336 0 40000
r 1184 336 1184 400 0 40000
g 1184 400 1184 416 0 0
R 1024 192 976 192 0 0 40 2 0 0 0.5
w 928 400 1024 400 0
368 1264 256 1312 256 0 0
38 23 F1 0 1.8 2.2 -1 Voltage
