$ 1 0.000005 10.20027730826997 50 5 50 5e-11
a 1008 384 1088 384 8 3.3 0 1000000 2.6250164391977666 2.6249999999999996 100000
r 1008 320 1088 320 0 38800
w 1008 368 1008 320 2
w 1088 384 1088 320 2
r 1008 320 944 320 0 10000
R 944 320 912 320 0 0 40 3.3 0 0 0.5
r 1008 464 1008 544 0 100000
g 1008 544 1008 560 0 0
r 1008 400 944 400 0 300000
R 944 400 912 400 0 0 40 10.5 0 0 0.5
w 1008 464 1008 400 2
x 554 263 1175 266 4 12 Quand\sVin\sest\sà\sson\smaximum,\sV1\sdoit\sêtre\s\q\sà\sla\stension\smax\sde\sV2\s(donc\ssi\sampli-op\srail-to-rail,\sVcc\sde\sl'ampli-op))
207 1008 464 976 464 4 V1
x 899 427 916 430 4 12 Vin
x 899 347 919 350 4 12 Vcc
207 1008 368 976 368 4 V2
x 554 296 826 299 4 12 le\sminimum\sde\sV2\sdoit\sêtre\ségal\sau\sminimum\sde\sV1
x 554 472 593 475 4 12 Calculs
x 554 488 650 491 4 12 Vin\s\q\s10.5V\sà\s13V
x 554 504 714 507 4 12 Vcc\s\q\sV2max\s\q\sV1max\s\q\s3.3V
x 554 520 877 523 4 12 R2/R1\s->\s3.3/13\s\q\sR1/(R1\pR2)\s->\sR2/R1\s\q\s(Vinmax-Vcc)/Vcc
x 965 426 980 429 4 12 R2
x 977 510 992 513 4 12 R1
x 554 536 758 539 4 12 R3/R4\s->\s(Vcc-V1min)/R3\q(V1min)/R4
x 968 294 983 297 4 12 R3
x 1041 295 1056 298 4 12 R4
38 9 F1 0 10.5 13 -1 Voltage
