$ 1 0.000005 10.20027730826997 50 5 43 5e-11
v 224 304 224 48 0 0 40 30 0 0 0.5
a 304 192 384 192 8 30 0 1000000 14.999967549126234 15 100000
r 256 48 256 208 0 10000
r 256 208 256 304 0 10000
w 256 304 224 304 0
w 224 48 256 48 0
w 304 208 256 208 0
f 384 96 448 96 32 1.5 0.02
g 224 304 224 336 0 0
w 448 208 448 304 0
w 448 304 384 304 0
w 304 176 304 144 0
w 304 144 448 144 0
w 448 176 448 144 0
f 384 192 448 192 33 1.5 0.02
w 448 144 448 112 0
w 256 48 384 48 0
w 448 48 448 80 0
w 384 48 448 48 0
w 384 304 256 304 0
368 496 144 576 144 0 0
r 496 144 496 48 0 1000
w 496 144 448 144 0
w 448 48 496 48 0
r 496 144 496 304 0 330
w 496 304 448 304 0
w 384 192 384 96 0
o 22 64 0 12289 0.0001 7.134743258338045 0 2 22 3
