$ 1 0.000005 10.20027730826997 52 5 50 5e-11
f 944 288 944 240 41 1.5 20
r 880 240 880 288 0 100000
w 944 288 880 288 0
w 880 240 928 240 0
r 1040 240 1040 352 0 100
w 1040 240 960 240 0
w 880 240 832 240 0
w 1040 352 880 352 0
v 784 352 784 240 0 0 40 5 0 0 0.5
r 1040 352 1040 464 0 100
f 944 416 944 464 32 1.5 20
r 880 464 880 416 0 100000
w 944 416 880 416 0
w 880 464 928 464 0
w 960 464 1040 464 0
w 880 464 832 464 0
v 784 464 784 352 0 0 40 5 0 0 0.5
w 880 352 784 352 0
w 880 304 880 288 0
w 880 336 880 352 0
f 832 320 880 320 32 1.5 0.02
w 832 240 784 240 0
f 832 384 880 384 32 1.5 0.02
w 880 400 880 416 0
w 880 368 880 352 0
w 832 384 832 320 0
s 832 240 832 320 0 1 false
r 832 384 832 464 0 100000
w 832 464 784 464 0
g 784 352 768 352 0 0
