$ 1 0.000005 10.20027730826997 43 5 43 5e-11
f 704 416 704 352 33 1.5 20
r 768 352 768 416 0 100000
w 768 416 704 416 0
w 720 352 768 352 0
f 640 432 704 432 32 1.5 20
w 688 352 640 352 0
w 704 448 704 496 0
v 592 496 592 352 0 0 40 5 0 0 0.5
w 704 496 592 496 0
g 992 496 1008 496 0 0
r 992 352 992 496 0 100
w 912 496 704 496 0
w 768 352 800 352 0
v 544 352 544 496 0 0 40 5 0 0 0.5
f 640 560 704 560 33 1.5 20
w 704 544 704 496 0
f 704 576 704 640 40 1.5 20
r 992 496 992 640 0 100
w 848 640 800 640 0
r 768 640 768 576 0 100000
w 768 576 704 576 0
w 768 640 720 640 0
w 640 640 688 640 0
w 640 640 592 640 0
v 544 496 544 640 0 0 40 5 0 0 0.5
v 592 640 592 496 0 0 40 5 0 0 0.5
w 592 352 640 352 0
368 992 352 1040 352 0 0
368 992 640 1040 640 0 0
w 640 640 640 560 0
w 640 432 640 352 0
f 912 400 912 352 41 1.5 20
f 912 592 912 640 32 1.5 20
w 800 640 768 640 0
f 800 560 912 560 32 1.5 20
w 912 544 912 496 0
f 800 432 912 432 32 1.5 20
w 912 448 912 496 0
w 800 432 800 560 0
r 800 560 800 640 0 100000
s 800 352 800 432 0 0 false
w 800 352 848 352 0
w 992 352 928 352 0
w 928 640 992 640 0
w 992 496 912 496 0
r 848 352 848 400 0 100000
r 848 640 848 592 0 100000
w 848 592 912 592 0
w 912 592 912 576 0
w 896 640 848 640 0
w 848 400 912 400 0
w 912 400 912 416 0
w 896 352 848 352 0
