$ 1 60 0.34903429574618416 59 5 50 5e-11
c 848 256 848 320 0 44000 3.939226683135945 3
r 848 256 848 208 0 0.1
r 672 192 736 192 0 1.5
w 672 192 672 224 0
w 736 192 736 240 0
r 672 272 672 336 0 100000
w 672 272 672 256 0
g 672 336 672 352 0 0
f 768 272 768 192 41 0.8 6
w 784 192 848 192 3
207 848 192 848 160 4 Bat\p
w 768 272 672 272 2
w 736 192 736 160 0
w 672 192 672 160 0
s 672 160 736 160 0 1 false
w 672 336 576 336 0
v 336 336 336 192 0 0 40 5 0 0 0.5
f 736 240 672 240 33 0.8 6
v 256 192 256 336 0 0 40 5 0 0 0.5
w 208 192 208 336 0
w 464 192 496 192 0
w 336 192 400 192 3
r 496 192 496 256 0 100000
w 448 256 496 256 2
w 496 192 576 192 3
w 448 288 448 336 0
w 448 336 400 336 0
f 448 256 448 192 33 1.5 6
f 400 272 448 272 32 1.5 6
w 736 192 752 192 0
w 400 336 336 336 0
w 400 192 432 192 0
w 400 272 400 192 0
w 848 336 672 336 0
f 576 256 624 256 33 1.5 6
w 624 272 672 272 0
f 624 304 576 304 32 1.5 6
w 576 336 448 336 0
w 576 336 576 320 0
w 576 256 576 288 0
w 624 192 672 192 0
w 624 240 624 192 0
r 576 256 576 192 0 100000
w 576 192 624 192 0
b 384 128 524 370 0
b 549 129 805 372 0
x 359 118 539 121 4 10 Protection\spolarité\sinverse\set\scourt\scircuit
x 623 119 771 122 4 10 limite\sde\scourant\set\sde\ssur-charge
x 860 194 893 197 4 10 batterie
b 816 198 888 326 0
w 848 208 848 192 0
w 848 320 848 336 0
34 zener-2.5 0 1.7143528192810002e-7 0 2 2.5 0
z 1056 512 1056 464 2 zener-2.5
r 1056 464 1056 400 0 7500
w 992 464 1056 464 0
w 992 512 1056 512 0
g 1056 512 1056 528 0 0
207 1056 400 1056 368 4 Bat\p
r 1088 336 1088 256 0 75000
207 1088 192 1088 160 4 Bat\p
w 1088 256 1040 256 0
207 992 464 992 432 4 Vref
207 1040 288 1056 320 4 Vref
f 960 272 960 192 41 0.8 6
w 944 192 848 192 1
w 848 336 1008 336 0
207 976 192 976 160 4 Vcc
207 1184 192 1184 160 4 Vcc
r 1168 192 1168 336 0 1
g 1184 336 1184 352 0 0
c 992 464 992 512 0 1e-7 2.4170961305091194 0.001
r 1088 256 1088 192 0 27000
w 624 304 624 464 0
207 704 448 720 416 4 Vref
r 752 480 752 528 0 62000
g 752 528 752 544 0 0
r 752 480 752 416 0 39000
207 752 416 752 384 4 Bat\p
w 752 480 704 480 0
409 704 464 624 464 1 0.6 -0.8762752637262623 0.0231 0
409 1040 272 960 272 1 0.6 -0.2826607495603559 0.0231 0
g 672 496 672 512 0 0
w 1008 336 1088 336 0
w 1008 336 1008 304 0
207 672 432 672 400 4 Bat\p
207 1008 240 1008 208 4 Bat\p
f 768 272 768 240 41 0.8 6
w 752 192 752 240 0
w 784 240 784 192 0
o 2 16 7 143618 0.0001 0.0001 0 1 0.43006579124127103
o 8 16 7 143618 0.0001 0.0001 1 1 0.2991443770883236
