$ 1 60 0.17188692582893286 45 5 50 5e-11
R 384 112 320 112 0 0 40 5 0 0 0.5
r 640 176 640 128 0 0.1
g 512 256 512 272 0 0
c 640 176 640 256 0 44000 4.005407979265745 3.2
r 448 112 448 160 0 100000
w 448 160 512 160 0
w 448 112 496 112 0
r 528 112 640 112 0 0.1
d 384 112 448 112 2 1N5711
a 640 32 736 32 8 15 0 1000000 4.0144992825454615 4.014465184066222 100000
a 640 -128 736 -128 9 15 0 1000000 4.006934003190296 4.006898316002393 100000
w 640 -112 640 -80 0
w 640 16 640 -16 0
r 640 -80 640 -16 0 4700
r 640 -80 736 -80 0 47000
w 736 -80 736 -128 0
w 736 32 736 -16 0
r 736 -16 640 -16 0 47000
a 816 -48 912 -48 8 15 0 1000000 2.0451494478563377 2.0450760380331983 100000
r 736 -80 816 -64 0 100000
r 816 -32 736 -16 0 100000
r 816 -32 816 32 0 100000
r 816 -96 912 -96 0 100000
w 912 -48 912 -96 0
w 816 -64 816 -96 0
g 816 32 816 48 0 0
w 512 176 512 160 0
w 512 208 512 256 0
w 512 256 560 256 0
a 832 144 752 144 8 15 0 1000000 0.15901768607662348 1 100000
R 832 160 864 160 0 0 40 1 0 0 0.5
w 832 128 912 128 0
w 912 -48 912 128 0
w 560 256 640 256 0
a 528 336 608 336 8 15 0 1000000 4.1 4.006898316002393 100000
R 528 320 496 320 0 0 40 4.1 0 0 0.5
207 528 112 528 80 4 Shunt\s\p
207 640 112 640 80 4 Shunt\s-
207 640 48 608 48 4 Shunt\s\p
207 640 -144 608 -144 4 Shunt\s-
207 640 112 688 112 4 Bat\p
207 528 352 496 352 4 Bat\p
w 560 256 560 240 0
w 560 208 560 192 0
207 1008 128 1008 96 4 Bat\p
r 1168 128 1168 192 0 33
g 1168 192 1168 208 0 0
w 640 112 640 128 0
b 624 128 687 250 0
f 1072 176 1072 128 41 1.5 0.02
w 1056 128 1008 128 0
r 1008 128 1008 176 0 10000
w 1008 176 1072 176 0
w 1088 128 1168 128 0
a 912 224 992 224 8 15 0 1000000 3.2 4.006898316002393 100000
R 912 208 880 208 0 0 40 3.2 0 0 0.5
207 912 240 880 240 4 Bat\p
w 1072 176 1072 208 0
g 1072 240 1072 256 0 0
x 405 -39 619 -36 4 16 ajuster\scourant\sde\srecharge\s->
f 560 192 512 192 32 1.5 0.02
r 752 144 752 192 0 10000
w 752 192 560 192 0
f 608 224 560 224 32 1.5 0.02
w 608 336 608 224 0
f 992 224 1072 224 32 1.5 0.02
f 512 160 512 112 41 1 0.2
b 1120 96 1219 241 0
x 1130 87 1208 90 4 24 Charge
x 704 320 1008 323 4 24 Lipo/Li-ion\scharger\sand\sBMS
o 3 4 0 143618 4.0053673216089365 0.0001 0 2 3 3
o 7 4 0 143617 0.0001 0.08209711642499062 1 2 7 3
o 1 4 0 143617 0.0001 0.022649822289544375 2 2 1 3
