$ 1 0.000005 10.20027730826997 50 5 50 5e-11
f 848 288 896 288 0 1.5 0.2
f 800 416 896 416 32 1.5 0.2
r 976 352 944 352 0 1
w 896 352 896 400 0
w 896 352 896 304 0
R 896 272 896 224 0 0 40 15 0 0 0.5
g 896 432 896 464 0 0
f 720 320 784 320 32 1.5 0.02
f 720 448 784 448 32 1.5 0.02
f 720 384 784 384 33 1.5 0.02
f 720 256 784 256 33 1.5 0.02
w 784 432 800 416 0
w 800 416 784 400 0
w 784 304 800 288 0
w 784 272 800 288 0
g 784 336 800 336 0 0
g 784 464 800 464 0 0
R 784 144 784 112 0 0 40 5 0 0 0.5
R 784 368 816 368 0 0 40 5 0 0 0.5
I 672 416 672 288 0 0.5 5
w 672 416 720 384 0
w 672 416 720 448 0
w 672 288 720 320 0
w 720 256 672 288 0
s 592 416 672 416 0 1 true
R 592 416 560 416 0 0 40 5 0 0 0.5
d 912 432 912 400 2 default
d 912 304 912 272 2 default
w 896 272 912 272 0
w 912 304 896 304 0
w 912 400 896 400 0
w 896 432 912 432 0
w 1056 352 1056 400 0
w 1056 352 1056 304 0
R 1056 272 1056 224 0 0 40 15 0 0 0.5
g 1056 432 1056 464 0 0
l 976 352 1008 352 0 1 0.05555601078428503 0
f 1152 416 1056 416 32 1.5 0.2
f 1104 288 1056 288 32 1.5 0.2
d 1040 304 1040 272 2 default
d 1040 432 1040 400 2 default
w 1040 400 1056 400 0
w 1056 432 1040 432 0
w 1040 304 1056 304 0
w 1056 272 1040 272 0
w 672 416 672 528 0
w 672 528 1280 528 0
I 1280 528 1280 416 0 0.5 5
w 1280 416 1248 416 0
w 1280 528 1312 528 0
w 1312 528 1312 288 0
w 1312 288 1248 288 0
f 1216 320 1168 320 32 1.5 0.2
w 1168 272 1152 288 0
w 1152 288 1168 304 0
f 1216 256 1168 256 33 1.5 0.2
g 1168 336 1152 336 0 0
R 1168 144 1168 112 0 0 40 5 0 0 0.5
w 1248 288 1216 256 0
w 1248 288 1216 320 0
w 1248 416 1216 448 0
w 1248 416 1216 384 0
R 1168 368 1136 368 0 0 40 5 0 0 0.5
g 1168 464 1152 464 0 0
f 1216 384 1168 384 33 1.5 0.2
w 1152 416 1168 432 0
w 1168 400 1152 416 0
f 1216 448 1168 448 32 1.5 0.2
w 896 352 944 352 0
w 1008 352 1056 352 0
c 944 352 944 192 0 0.00001 -4.944498140097631 0.001
d 784 144 784 192 2 default
w 784 192 784 240 0
c 1008 352 1008 192 0 0.00001 -5.336348245166677 0.001
d 1168 144 1168 192 2 default
w 1168 192 1168 240 0
a 944 640 832 640 8 5 -5 1000000 2.711795277332542 2.6562392665482575 10
w 944 352 944 624 0
w 976 352 976 656 0
w 976 656 944 656 0
w 832 640 672 640 0
403 720 560 848 624 0 80_128_0_12303_1.0005872139073317_0.0001_-1_1
182 672 640 672 528 0 0.5 -1 1 5 0
s 784 192 944 192 0 1 false
s 1008 192 1168 192 0 0 false
w 1056 352 1104 352 0
w 896 352 848 352 0
w 848 288 800 288 0
w 1104 288 1152 288 0
p 1104 288 1104 352 0 0 0
p 848 288 848 352 0 0 0
403 1200 160 1328 224 0 89_64_0_12290_5.338115066128019_0.0001_-1_1
403 624 160 752 224 0 90_64_0_12290_10.729665453025216_0.0001_-1_1
