$ 1 0.0005 10.20027730826997 59 5 50 5e-11
x 746 262 894 265 4 24 Bootstrapping
r 1120 384 1168 384 0 10
g 1168 384 1184 384 0 0
f 1056 320 1120 320 32 1.5 0.2
w 1120 336 1120 384 0
R 1120 304 1120 256 0 0 40 30 0 0 0.5
f 1056 448 1120 448 32 1.5 0.2
w 1120 432 1120 384 0
g 1120 464 1120 480 0 0
w 1120 384 1008 384 0
c 1008 320 1008 384 0 0.00009999999999999999 11.979884086049776 0.001
d 1008 256 1008 320 2 default
R 1008 256 1008 224 0 0 40 12 0 0 0.5
f 896 448 960 448 32 1.5 0.02
f 896 384 960 384 33 1.5 0.02
w 960 400 960 416 0
w 960 416 960 432 0
w 896 384 896 448 0
w 960 368 1008 320 0
w 960 416 1056 320 0
w 960 464 1008 384 0
f 848 464 896 464 32 1.5 0.02
g 896 480 896 496 0 0
w 1008 320 896 320 0
r 896 320 896 384 0 100000
L 848 464 816 464 0 0 false 5 0
p 1056 320 1120 384 1 0 0
I 848 528 1056 528 0 0.5 5
w 1056 528 1056 448 0
w 848 464 848 528 0
o 26 64 0 4098 20 0.1 0 1
o 1 64 0 4099 40 3.2 1 2 1 3
