$ 1 0.000005 10.20027730826997 59 5 50 5e-11
t 688 80 640 80 0 1 -4.855223980681163 0.14477182644627912 100 default
w 768 -48 880 -48 0
r 720 128 768 128 0 100000
g 688 144 688 160 0 0
w 688 80 688 112 0
t 720 128 688 128 0 1 -0.027556764778006337 0.11721506166827278 100 default
r 688 -48 688 -16 0 100000
w 640 0 640 64 0
w 640 0 576 0 0
f 640 0 640 -48 41 1.5 0.02
w 688 -48 768 -48 0
w 688 -48 656 -48 0
w 880 -48 944 -48 0
w 944 64 880 64 0
c 944 -48 944 64 0 0.0000027 0.00044286209726327467 0.001
w 688 80 784 80 0
g 944 208 944 224 0 0
v 944 208 944 144 0 0 40 5 0 0 0.5
r 944 144 864 144 0 100000
r 576 -48 576 0 0 100000
w 624 -48 576 -48 0
w 640 96 640 112 0
s 784 80 864 144 0 1 true
g 880 64 880 80 0 0
r 880 -48 880 64 0 2000
g 640 112 640 128 0 0
R 576 -48 528 -48 0 0 40 5 0 0 0.5
s 768 -48 768 64 0 1 true
403 992 -96 1120 -32 0 12_64_0_12291_0.00044286209726327467_0.0001_0_1
t 640 0 688 0 0 -1 4.855223980681163 4.9995529254977304 100 default
w 688 16 688 80 0
w 768 128 768 64 0
