$ 1 0.000005 10.20027730826997 60 5 43 5e-11
t 176 160 144 160 0 -1 0 -0.22292640068263747 100 default
r 144 144 144 80 0 1000
w 144 176 144 192 0
w 144 192 176 192 0
w 176 192 176 160 0
R 144 80 96 80 0 0 40 5 0 0 0.5
t 176 160 208 160 0 -1 4.533315860981858 1.6368298582462795 100 default
t 272 160 240 160 0 -1 2.528889084034742 -0.6113540978787619 100 default
w 224 80 144 80 0
w 208 144 224 144 0
w 224 144 240 144 0
g 240 176 240 192 0 0
t 272 160 304 160 0 -1 0 -0.6113540979543148 100 default
w 304 80 224 80 0
w 304 176 304 192 0
w 272 160 272 192 0
w 272 192 304 192 0
w 176 192 176 240 0
w 272 192 272 240 0
r 432 112 432 208 0 1000
t 208 224 432 224 0 1 -4.756241572505249 0.24375717917792522 100 default
w 208 224 208 176 0
g 432 240 432 256 0 0
R 432 112 432 80 0 0 40 5 0 0 0.5
t 304 256 272 256 0 1 0.4711109159652578 0.5017047506271224 100 default
R 304 256 336 256 0 0 40 3 0 0 0.5
t 272 272 240 272 0 1 -0.030593834661864605 0.6117243506165497 100 default
w 240 256 240 240 0
w 240 240 272 240 0
t 128 256 176 256 0 1 -4.0179827182407895 -1.3498669598466075 100 default
t 176 272 208 272 0 1 -2.6681157583941824 0.22238638300927338 100 default
w 208 256 208 240 0
w 208 240 176 240 0
w 224 288 240 288 0
r 224 288 224 352 0 1000
w 224 288 208 288 0
g 224 352 224 368 0 0
w 432 208 464 208 0
R 128 256 96 256 0 1 40 2.5 2.5 0 0.5
r 224 144 224 80 0 1000
r 304 144 304 80 0 1000
o 38 64 0 4098 5 0.00625 0 4 38 3 25 0 25 3
o 37 64 0 4098 5 0.00009765625 0 2 37 3
