$ 1 0.000009999999999999999 10.20027730826997 43 5 50 5e-11
g 560 464 560 480 0 0
r 1008 288 1040 288 0 0.01
a 768 496 848 496 8 15 0 1000000 10 0.3636381674550169 100000
w 768 512 720 512 0
R 768 480 736 480 0 0 40 10 0 0 0.5
w 560 288 608 288 0
f 992 336 992 288 41 1.5 2
f 896 496 944 496 32 1.5 0.02
g 944 512 944 528 0 0
w 944 288 976 288 0
r 1072 352 1072 464 0 33
g 1072 464 1072 480 0 0
a 768 416 848 416 8 15 0 1000000 12.000059526015264 12 100000
R 768 432 736 432 0 0 40 12 0 0 0.5
g 992 432 992 448 0 0
f 944 416 992 416 32 1.5 0.02
w 848 416 896 416 0
w 944 336 992 336 0
w 992 400 992 336 0
w 768 400 768 256 0
w 1072 256 1072 288 0
w 944 416 944 480 0
w 768 256 1072 256 0
r 896 416 944 416 0 10000
w 720 144 720 512 0
w 848 496 896 496 0
w 1040 288 1072 288 0
a 1024 288 1024 144 8 15 -15 1000000 12.000059526015264 12.003695907689812 100
w 1024 144 720 144 0
r 944 288 944 336 0 100000
w 1072 352 1072 288 3
T 400 336 496 416 0 1 0.2 -0.4710399852513165 0.42916120172885164 0.7
v 368 416 368 336 0 1 60 169.7056274847714 0 0 0.5
w 560 464 608 464 0
w 672 288 944 288 0
d 608 416 608 288 2 default
d 560 336 560 288 2 default
d 560 464 560 336 2 default
d 608 464 608 416 2 default
w 496 416 608 416 0
w 496 336 560 336 0
c 672 336 672 288 0 0.0021999999999999997 -15.087499163335695 0.001
w 608 288 672 288 0
g 672 336 672 352 0 0
r 400 336 368 336 0 75
w 400 416 368 416 0
o 10 64 0 4099 20 3.2 0 2 10 3
o 6 64 7 4099 5 0.8 1 1 20
