$ 1 0.000005 2.803162489452614 36 5 43 5e-11
a 128 144 208 144 9 15 -15 1000000 0.12812373312356773 0.12813830211739952 100000
r 208 144 272 144 0 1000
t 272 144 320 144 0 1 -13.554518710888775 0.5989937315912304 100 default
t 320 160 352 160 0 1 -14.153512442480004 0.7183638243964275 100 default
w 320 128 352 128 0
w 352 144 352 128 0
R 352 128 352 80 0 0 40 15 0 0 0.5
w 352 176 352 192 0
w 352 192 128 192 0
w 128 192 128 160 0
r 352 192 416 192 0 0.1
r 416 192 416 256 0 10000
r 416 256 416 320 0 10000
a 336 272 256 272 9 15 -15 1000000 0.11648936556373275 0.11649064694675393 100000
w 416 256 336 256 0
w 336 288 336 320 0
r 336 320 336 368 0 100000
g 336 368 336 384 0 0
w 336 320 256 320 0
r 256 320 256 272 0 10000
w 256 272 112 272 0
w 112 272 112 128 0
w 112 128 128 128 0
r 544 192 544 256 0 1
g 544 256 544 272 0 0
w 544 192 416 192 1
R -272 272 -272 224 0 0 40 15 0 0 0.5
r -272 272 -272 336 0 1500
34 zener-1 1 1.7143528192810002e-7 0 2.0000000000000084 1 1
z -272 384 -272 336 2 zener-1
g -272 384 -272 400 0 0
a 48 384 128 384 9 15 0 1000000 0.11591325338767529 0.11583941252020917 100000
w 48 400 48 432 0
w 128 432 128 384 0
407 -176 448 -192 448 1
t -80 384 -48 384 0 -1 0.5666914138961218 -0.33360843038250754 100 default
r -80 384 -80 448 0 8200
g -80 480 -80 496 0 0
g -176 480 -176 496 0 0
r -176 448 -240 448 0 1000
w -272 336 -224 336 0
c -16 400 -16 448 0 0.000009999999999999999 0.11583941252020917 0.001
g -16 448 -16 464 0 0
w -16 400 48 368 2
R -240 448 -272 448 0 2 1000 2.5 2.5 0 0.0793
c -224 336 -224 384 0 1e-7 1.0161143739593885 0.001
w -224 384 -272 384 0
r 128 384 176 384 0 10000
c 176 384 176 432 0 1e-7 0.11650633746450334 0.001
g 176 432 176 448 0 0
w 128 432 48 432 0
a 240 400 320 400 9 15 -15 1000000 0.11650517241277596 0.11650633746450334 100000
w 176 384 240 384 0
r 240 448 320 448 0 10000
c 240 480 320 480 0 1e-7 -3.256947628260676e-10 0.001
w 240 480 240 448 0
w 240 448 240 416 0
w 320 400 320 448 0
w 320 448 320 480 0
w 320 400 416 320 0
a -128 336 -48 336 8 15 0 1000000 1.0161792121672668 1.0161143739593885 100000
w -128 320 -128 288 0
w -128 288 -48 288 0
w -48 336 -48 288 0
w -128 352 -224 336 0
w -48 368 -48 336 0
407 -176 544 -192 544 1
g -176 576 -176 592 0 0
g -80 576 -80 592 0 0
r -16 400 -80 544 0 1000
r -176 544 -240 544 0 1000
I -240 448 -240 544 0 0.5 5
r -16 400 -48 400 0 1000
o 42 16 0 143618 0.35094345139800875 0.0001 0 2 42 3
o 58 16 0 143618 0.37428422834636876 0.0001 1 2 58 3
38 43 5 1 100 Duty\sCycle
