$ 1 0.0000049999999999999996 10.20027730826997 50 0.1 50 5e-11
v 480 208 480 128 0 0 40 0.059000000000000004 0 0 0.5
r 480 128 560 128 0 100000000
a 560 112 656 112 8 15 -15 1000000 0.05899941000589994 0.059000000000000004 100000
w 560 96 560 64 0
w 560 64 656 64 0
w 656 64 656 112 0
g 480 208 480 224 0 0
r 656 112 736 112 0 10000
a 736 128 832 128 8 15 -15 1000000 0.0000023598584073155008 0 100000
r 736 64 832 64 0 40000
g 736 144 736 192 0 0
w 736 64 736 112 0
w 832 64 832 128 0
c 736 16 832 16 0 2.2e-7 0.2359882005899574 0.001
w 736 16 736 64 0
w 832 16 832 64 0
368 832 16 832 -48 0 0
368 656 64 656 0 0 0
368 480 128 480 16 0 0
r 992 -160 992 -96 0 30000
r 992 -96 992 -32 0 10000
c 1040 -96 1040 -32 0 2.2e-7 0.5119966005888809 0.001
g 992 -32 992 -16 0 0
g 1040 -32 1040 -16 0 0
w 1040 -96 992 -96 0
R 992 -160 992 -192 0 0 40 2.048 0 0 0.5
a 928 112 1008 112 9 15 -15 1000000 0.5119845575589008 0.5119966005888809 100000
w 992 -96 928 -96 0
w 928 -96 928 96 0
r 832 128 928 128 0 10000
r 928 176 1008 176 0 10000
c 928 224 1008 224 0 0.000001 -0.6923184404367142 0.001
w 928 128 928 176 0
w 928 176 928 224 0
w 1008 224 1008 176 0
w 1008 176 1008 112 0
r 1008 112 1072 112 0 100
d 1072 176 1072 112 2 default
g 1072 176 1072 192 0 0
368 1072 112 1136 112 0 0
