$ 1 5.000000000000001e-7 11.086722712598126 36 5 50 5e-11
a 128 80 224 80 8 15 0 1000000 -0.000027357818085466638 0 100000
g 128 96 112 96 0 0
c 128 64 64 64 0 1e-8 -2.099381052381874 0.001
w 128 64 128 16 0
r 128 16 224 16 0 100000
x -194 -160 310 -157 4 16 L'idée\sest\sde\smesurer\sla\svélocité\sdu\scoup\savec\sle\svoltage\smax\sdu\ssignal
x -72 -10 -19 -7 4 24 Input
207 272 64 336 64 4 Signal\sto\sread\spiezo\svoltage
R -16 64 -48 64 0 1 200 -9.6 0 5.934119456780721 0.05
r -16 64 16 64 0 10000
c 64 64 64 112 0 1e-8 2.0993536945637885 0.001
g 64 112 64 128 0 0
l 16 64 64 64 0 0.000009999999999999999 -0.00019421954549814877 0
w 224 80 224 16 0
f 224 80 272 80 32 1.5 0.02
g 272 96 272 112 0 0
r 272 64 272 -16 0 1000
R 272 -16 272 -48 0 0 40 5 0 0 0.5
a 128 -80 224 -80 8 15 0 1000000 1.0496243698134031 0 100000
g 128 -64 112 -64 0 0
r 128 -96 64 -96 0 100000
w 64 64 64 -96 0
r 128 -128 224 -128 0 100000
w 128 -96 128 -128 0
w 224 -128 224 -80 0
x -171 -132 -19 -129 4 12 aka\squand\sla\sdérivé\sest\snulle
207 224 -80 320 -80 4 tension\sdu\spiezo\sà\slire
o 8 64 0 12290 9.599999994152572 0.0001 0 6 8 3 10 0 10 3 26 0 26 3
o 7 64 0 12290 5.000161925352644 0.0001 0 2 7 3
38 8 F1 0 0 -15 -1 Max\sVoltage
