$ 1 5.000000000000001e-7 11.086722712598126 36 5 50 5e-11
a 128 80 224 80 8 15 0 1000000 0.0000660983027859382 0 100000
g 128 96 112 96 0 0
c 224 16 128 16 0 0.000001 0.890103482767294 0.001
w 128 64 128 16 0
r 64 64 128 64 0 4700
r 128 -32 224 -32 0 100000
w 128 16 128 -32 0
w 224 16 224 -32 0
w 160 -64 128 -32 0
w 192 -64 224 -32 0
r 224 80 224 16 0 10
w 64 64 128 192 0
a 128 176 224 176 8 5 0 1000000 -0.1 1.4033611858591738e-7 100000
R 128 160 96 160 0 0 40 -0.1 0 0 0.5
a 304 -32 384 -32 8 5 0 1000000 1 0.8901695810700799 100000
w 224 16 304 -16 0
R 304 -48 272 -48 0 0 40 1 0 0 0.5
f 176 -96 176 -64 32 1.5 0.02
x -187 -218 397 -215 4 16 L'idée\sest\sde\smesurer\sla\svélocité\sdu\scoup\savec\sle\stemps\sde\scharge\sd'un\sintégrateur
x -177 -186 93 -183 4 12 Je\ssais\sc\sen\sbordel.\syé\s1h30\sdu\smatin\sfait\spas\schier
x -36 8 17 11 4 24 Input
207 224 176 288 176 4 Output\sstart\scounting
207 384 -32 432 -32 4 Output\sstop\scounting
R -16 64 -48 64 4 5 50 -1.2 0 5.934119456780721 0.2
r -16 64 16 64 0 10
c 64 64 64 112 0 0.00001 1.4033611858591738e-7 0.001
g 64 112 64 128 0 0
l 16 64 64 64 0 0.001 -1.403168482570331e-8 0
L 176 -96 176 -128 0 0 true 5 0
x 200 -113 384 -110 4 12 <-\sle\suC\sdécharge\sle\scondensateur
o 2 64 0 4098 1.25 0.000390625 0 2 2 3
o 23 64 0 4098 2.5 0.003125 0 4 23 3 25 0 25 3
o 21 64 0 4098 10 0.00009765625 0 4 21 3 22 0 22 3
38 23 F1 0 0 -15 -1 Max\sVoltage
