$ 1 0.000005 10.20027730826997 50 5 43 5e-11
R 16 368 -16 368 0 1 40 1 0 0.5235987755982988 0.5
v 16 368 64 368 0 1 26 1 0 0.5235987755982988 0.5
v 64 368 112 368 0 1 72 1 0 0.5235987755982988 0.5
v 112 368 160 368 0 1 51 1 0 0.5235987755982988 0.5
a 256 192 336 192 8 15 -15 1000000 0.2499949996616381 0.25 100000
g 256 240 240 240 0 0
r 256 144 336 144 0 10000
w 256 176 256 144 0
w 336 144 336 176 0
r 256 208 192 208 0 10000
r 256 144 192 144 0 10000
a 400 192 480 192 8 15 -15 1000000 -0.00003512216803919467 0 100000
g 400 208 384 208 0 0
r 400 176 336 176 0 100000
w 336 176 336 192 0
c 400 128 480 128 0 1e-7 -3.5122519260875062 0.001
w 400 176 400 128 0
w 480 128 480 176 0
a 528 192 608 192 8 5 0 1000000 3.512216803919467 3.073823141377396 100000
w 528 176 480 176 0
w 480 176 480 192 0
R 192 208 160 208 0 0 40 0.5 0 0 0.5
w 608 192 608 80 0
w 608 80 192 80 0
w 192 144 192 80 0
v 256 368 304 368 0 1 3 1 0 1.5707963267948966 0.5
v 208 368 256 368 0 1 125 1 0 0 0.5
v 160 368 208 368 0 1 91 1 0 3.141592653589793 0.5
v 352 368 400 368 0 1 194 1 0 1.064650843716541 0.5
v 304 368 352 368 0 1 200 1 0 0.2617993877991494 0.5
r 256 240 256 208 0 10000
a 400 352 496 352 8 15 0 1000000 3.073823141377396 3.073782755612448 100000
d 496 352 496 288 2 default
w 400 336 400 288 0
w 496 288 528 288 0
r 400 288 320 288 0 10000
g 320 288 304 288 0 0
w 496 288 400 288 0
368 400 416 448 416 0 0
w 400 416 400 368 0
w 528 288 528 208 0
a 400 512 496 512 8 15 0 1000000 3.0738029484949223 0 100000
g 400 528 368 528 0 0
r 400 416 400 464 0 100000
r 400 464 496 464 0 100000
w 400 464 400 496 0
d 496 512 496 464 2 default
w 496 464 528 464 0
w 528 464 528 288 0
o 22 64 0 4098 20 0.0125 0 2 22 3
o 19 64 0 12290 6.693713749127453 0.0001 0 6 19 3 38 0 38 3 40 0 40 3
