$ 1 0.0000010000000000000002 0.8729138363720133 38 5 50 5e-11
v 256 304 256 128 0 0 40 12 0 0 0.5
r 352 128 416 128 0 0.25
r 480 128 560 128 0 0.046
l 416 128 480 128 0 4.102e-7 2.9278526365861257e-7 0
r 560 128 624 128 0 1
c 624 240 624 304 0 0.00001 11.999999619551879 0.001
w 624 304 352 304 0
r 624 176 624 128 0 0.75
c 688 304 688 240 0 1.0000000000000001e-7 -11.99999962056367 0.001
r 688 176 688 128 0 0.1
w 688 128 624 128 0
w 624 304 688 304 0
f 880 272 928 272 32 1.5 0.2
w 928 288 928 304 0
w 880 304 688 304 0
R 880 192 880 160 1 2 1000 2.5 2.5 0 0.03
r 352 176 352 128 0 0.75
c 352 240 352 304 0 0.00001 12.00000000000007 0.001
w 352 304 304 304 0
w 304 128 352 128 0
r 304 176 304 128 0 0.01
c 304 304 304 240 0 1.0000000000000001e-7 -12.000000000000012 0.001
w 304 128 256 128 0
w 256 304 304 304 0
l 928 192 928 256 0 0.00009638999999999999 2.736596860033764e-7 0
r 928 192 928 128 0 1.934
w 928 304 880 304 0
d 1008 256 1008 128 2 1N4004
l 304 176 304 240 0 1e-8 -1.598721155481945e-14 0
l 352 176 352 240 0 1e-8 -1.7053025658242412e-13 0
l 624 176 624 240 0 1e-8 1.7596587520429807e-9 0
l 688 176 688 240 0 1e-8 4.1353598323468077e-10 0
w 1008 128 928 128 0
r 848 128 928 128 0 0.2
c 880 272 880 304 0 1e-9 1.3555962184802465e-71 0.001
r 880 272 880 192 0 100
g 624 304 624 320 0 0
l 928 256 1008 256 0 1e-8 -1.6952489412247473e-8 0
w 848 128 688 128 0
o 10 4 0 143618 12.012468605243823 0.0001 0 2 10 3
38 15 F1 5 0 100 -1 Duty\sCycle
