$ 1 0.000005 10.20027730826997 50 5 50 5e-11
c 944 400 880 400 0 0.00009999999999999999 0.000999963886257449 0.001
207 944 400 944 432 4 Vcom
w 848 304 880 304 0
w 912 304 880 304 0
155 720 96 800 96 0 5
155 944 96 1024 96 0 0
207 704 128 672 128 4 CKH
w 720 128 944 128 0
R 816 304 784 304 0 0 40 15 0 0 0.5
R 944 304 976 304 0 0 40 -15 0 0 0.5
w 720 16 944 16 0
155 944 -16 1024 -16 0 0
155 720 -16 800 -16 0 0
207 720 -16 672 -16 4 D0
207 720 96 672 96 4 D1
w 816 96 832 96 0
w 816 -16 928 -16 0
155 576 352 656 352 0 0
159 848 304 816 304 0 20 10000000000
159 944 304 912 304 0 20 10000000000
w 832 224 832 96 0
w 928 224 928 -16 0
159 880 304 880 400 0 20 1000000000000
207 560 384 528 384 4 CKV
207 576 352 528 352 4 SPV
155 576 512 656 512 0 0
w 560 384 560 544 0
w 560 544 576 544 0
w 576 384 560 384 0
w 688 352 688 448 0
w 864 352 832 352 0
w 832 96 944 96 0
w 928 -16 944 -16 0
207 512 96 464 96 4 D0
207 512 112 464 112 4 D1
207 512 128 464 128 4 CKH
207 512 144 464 144 4 SPV
207 512 160 464 160 4 CKV
L 512 96 560 96 0 0 false 5 0
L 512 112 560 112 0 1 false 5 0
L 512 128 560 128 0 0 false 5 0
L 512 144 560 144 0 0 false 5 0
L 512 160 560 160 0 0 false 5 0
w 704 128 704 16 0
w 720 128 704 128 0
w 720 16 704 16 0
w 688 352 672 352 0
w 688 448 576 448 0
w 576 448 576 512 0
159 880 464 880 560 0 20 1000000000000
207 944 560 944 592 4 Vcom
c 944 560 880 560 0 0.00009999999999999999 0.000999963920805369 0.001
w 864 512 832 512 0
w 880 464 864 448 0
w 864 448 864 320 0
w 864 320 880 304 0
w 1072 336 1104 304 0
w 1152 224 1152 -16 0
w 1056 224 1056 96 0
159 1168 304 1136 304 0 20 10000000000
159 1072 304 1040 304 0 20 10000000000
R 1168 304 1200 304 0 0 40 -15 0 0 0.5
R 1040 304 1008 304 0 0 40 15 0 0 0.5
w 1136 304 1104 304 0
w 1072 304 1104 304 0
w 1040 96 1056 96 0
w 1040 -16 1152 -16 0
w 1072 432 1072 336 0
w 1104 464 1072 432 0
c 1168 560 1104 560 0 0.00009999999999999999 0.0009999933930522342 0.001
207 1168 560 1168 592 4 Vcom
159 1104 464 1104 560 0 20 1000000000000
w 1088 352 1056 352 0
159 1104 304 1104 400 0 20 1000000000000
207 1168 400 1168 432 4 Vcom
c 1168 400 1104 400 0 0.00009999999999999999 0.0009999933930522342 0.001
w 1056 352 1040 336 0
w 1040 336 848 336 0
w 848 336 832 352 0
w 1088 512 1056 512 0
w 1056 512 1040 496 0
w 1040 496 848 496 0
w 848 496 832 512 0
207 512 192 464 192 4 Vcom
R 512 192 560 192 0 0 40 -1.64 0 0 0.5
159 832 224 832 288 0 20 1000000000000000
w 1136 256 1040 256 0
w 1040 256 912 256 0
w 912 256 816 256 0
w 816 256 720 256 0
207 720 256 672 256 4 LE\aOEH
L 512 80 560 80 0 0 false 5 0
159 1152 224 1152 288 0 20 1000000000000000
159 1056 224 1056 288 0 20 1000000000000000
159 928 224 928 288 0 20 1000000000000000
207 512 80 464 80 4 LE\aOEH
159 688 352 784 352 0 20 1000000000000000
w 832 352 784 352 0
w 832 512 784 512 0
159 688 512 784 512 0 20 1000000000000000
w 688 512 672 512 0
w 736 368 736 528 0
w 736 528 736 576 0
207 736 576 736 608 4 OEV
207 512 176 464 176 4 OEV
L 512 176 560 176 0 0 false 5 0
r 832 288 816 288 0 1000
g 816 288 800 288 0 0
g 912 288 896 288 0 0
r 928 288 912 288 0 1000
g 1040 288 1024 288 0 0
r 1056 288 1040 288 0 1000
g 1136 288 1120 288 0 0
r 1152 288 1136 288 0 1000
