$ 1 0.000005 10.20027730826997 50 5 43 5e-11
183 160 176 224 176 0 0.5 1.66 3.33 5 0
c 160 176 160 240 0 1e-7 2.2329867250939466 0.001
g 160 240 160 256 0 0
r 160 144 224 144 0 47000
w 160 176 160 144 0
w 224 144 224 176 0
d 224 176 224 240 2 default
r 224 240 224 288 0 56000
c 224 288 224 336 0 2.2000000000000002e-8 3.7750753387699176 0.001
g 224 336 224 352 0 0
r 288 288 288 336 0 100000
g 288 336 288 352 0 0
w 288 288 224 288 0
r 0 240 0 288 0 56000
d 0 176 0 240 2 default
w 0 144 0 176 0
w -64 176 -64 144 0
r -64 144 0 144 0 150000
g -64 240 -64 256 0 0
c -64 176 -64 240 0 1e-7 2.9260381141361305 0.001
183 -64 176 0 176 0 0.5 1.66 3.33 5 0
r 112 240 112 288 0 56000
d 112 176 112 240 2 default
w 112 144 112 176 0
w 48 176 48 144 0
r 48 144 112 144 0 27000
g 48 240 48 256 0 0
c 48 176 48 240 0 1e-7 2.1037812348981593 0.001
183 48 176 112 176 0 0.5 1.66 3.33 5 0
w 0 288 112 288 0
w 112 288 224 288 0
f 288 288 368 288 32 1.5 0.02
g 368 304 368 352 0 0
R 368 192 368 160 0 0 40 5 0 0 0.5
w -112 288 0 288 0
183 -176 176 -112 176 0 0.5 1.66 3.33 5 0
c -176 176 -176 240 0 1e-7 3.0891856360488545 0.001
g -176 240 -176 256 0 0
r -176 144 -112 144 0 82000
w -176 176 -176 144 0
w -112 144 -112 176 0
d -112 176 -112 240 2 default
r -112 240 -112 288 0 56000
w -224 288 -112 288 0
183 -288 176 -224 176 0 0.5 1.66 3.33 5 0
c -288 176 -288 240 0 1e-7 1.936115309967395 0.001
g -288 240 -288 256 0 0
r -288 144 -224 144 0 270000
w -288 176 -288 144 0
w -224 144 -224 176 0
d -224 176 -224 240 2 default
r -224 240 -224 288 0 56000
162 368 192 368 272 2 default-led 1 0 0 0.07
