$ 1 0.0000049999999999999996 8.281975887399955 43 169.7056274847714 50 5e-11
v 752 192 752 128 0 1 20 169.7056274847714 0 0 0.5
g 944 416 944 432 0 0
w 944 160 896 160 0
f 896 240 944 240 32 1.5 0.02
w 896 272 896 240 0
w 944 288 944 256 0
r 896 160 896 240 0 10000
34 fwdrop\q11 1 9.32e-11 0 18.41358244641499 0 1
162 944 352 944 416 2 fwdrop\q11 1 0 0 0.35000000000000003
f 944 288 896 288 32 1.5 0.02
w 944 224 944 160 0
r 944 288 944 352 0 5.6
w 896 304 896 352 0
w 896 352 944 352 0
w 1008 352 1056 352 0
w 1008 304 1008 352 0
r 1056 288 1056 352 0 5.6
w 1056 224 1056 160 0
f 1056 288 1008 288 32 1.5 0.02
162 1056 352 1056 416 2 fwdrop\q11 1 0 0 0.35000000000000003
r 1008 160 1008 240 0 10000
w 1056 288 1056 256 0
w 1008 272 1008 240 0
f 1008 240 1056 240 32 1.5 0.02
w 1008 160 1056 160 0
w 1056 416 944 288 0
w 1008 160 944 160 0
d 800 160 832 128 2 default
d 832 128 864 160 2 default
d 800 160 832 192 2 default
d 832 192 864 160 2 default
w 832 128 752 128 0
w 752 192 832 192 0
g 800 160 784 160 0 0
w 896 160 864 160 0
w 1120 160 1056 160 0
w 1168 416 1056 288 0
w 1120 160 1168 160 0
f 1120 240 1168 240 32 1.5 0.02
w 1120 272 1120 240 0
w 1168 288 1168 256 0
r 1120 160 1120 240 0 10000
162 1168 352 1168 416 2 fwdrop\q11 1 0 0 0.35000000000000003
f 1168 288 1120 288 32 1.5 0.02
w 1168 224 1168 160 0
r 1168 288 1168 352 0 5.6
w 1120 304 1120 352 0
w 1120 352 1168 352 0
w 1232 160 1168 160 0
w 1280 416 1168 288 0
w 1232 160 1280 160 0
f 1232 240 1280 240 32 1.5 0.02
w 1232 272 1232 240 0
w 1280 288 1280 256 0
r 1232 160 1232 240 0 10000
162 1280 352 1280 416 2 fwdrop\q11 1 0 0 0.35000000000000003
f 1280 288 1232 288 32 1.5 0.02
w 1280 224 1280 160 0
r 1280 288 1280 352 0 5.6
w 1232 304 1232 352 0
w 1232 352 1280 352 0
w 1344 160 1280 160 0
w 1392 416 1280 288 0
w 1344 160 1392 160 0
f 1344 240 1392 240 32 1.5 0.02
w 1344 272 1344 240 0
w 1392 288 1392 256 0
r 1344 160 1344 240 0 10000
162 1392 352 1392 416 2 fwdrop\q11 1 0 0 0.35000000000000003
f 1392 288 1344 288 32 1.5 0.02
w 1392 224 1392 160 0
r 1392 288 1392 352 0 5.6
w 1344 304 1344 352 0
w 1344 352 1392 352 0
w 1456 160 1392 160 0
w 1504 416 1392 288 0
w 1456 160 1504 160 0
f 1456 240 1504 240 32 1.5 0.02
w 1456 272 1456 240 0
w 1504 288 1504 256 0
r 1456 160 1456 240 0 10000
162 1504 352 1504 416 2 fwdrop\q11 1 0 0 0.35000000000000003
f 1504 288 1456 288 32 1.5 0.02
w 1504 224 1504 160 0
r 1504 288 1504 352 0 5.6
w 1456 304 1456 352 0
w 1456 352 1504 352 0
w 1568 160 1504 160 0
w 1616 416 1504 288 0
w 1568 160 1616 160 0
f 1568 240 1616 240 32 1.5 0.02
w 1568 272 1568 240 0
w 1616 288 1616 256 0
r 1568 160 1568 240 0 10000
162 1616 352 1616 416 2 fwdrop\q11 1 0 0 0.35000000000000003
f 1616 288 1568 288 32 1.5 0.02
w 1616 224 1616 160 0
r 1616 288 1616 352 0 5.6
w 1568 304 1568 352 0
w 1568 352 1616 352 0
w 1680 160 1616 160 0
w 1728 416 1616 288 0
w 1680 160 1728 160 0
f 1680 240 1728 240 32 1.5 0.02
w 1680 272 1680 240 0
w 1728 288 1728 256 0
r 1680 160 1680 240 0 10000
162 1728 352 1728 416 2 fwdrop\q11 1 0 0 0.35000000000000003
f 1728 288 1680 288 32 1.5 0.02
w 1728 224 1728 160 0
r 1728 288 1728 352 0 5.6
w 1680 304 1680 352 0
w 1680 352 1728 352 0
w 1792 160 1728 160 0
w 1840 416 1728 288 0
w 1792 160 1840 160 0
f 1792 240 1840 240 32 1.5 0.02
w 1792 272 1792 240 0
w 1840 288 1840 256 0
r 1792 160 1792 240 0 10000
162 1840 352 1840 416 2 fwdrop\q11 1 0 0 0.35000000000000003
f 1840 288 1792 288 32 1.5 0.02
w 1840 224 1840 160 0
r 1840 288 1840 352 0 5.6
w 1792 304 1792 352 0
w 1792 352 1840 352 0
w 1904 160 1840 160 0
w 1952 416 1840 288 0
w 1904 160 1952 160 0
f 1904 240 1952 240 32 1.5 0.02
w 1904 272 1904 240 0
w 1952 288 1952 256 0
r 1904 160 1904 240 0 10000
162 1952 352 1952 416 2 fwdrop\q11 1 0 0 0.35000000000000003
f 1952 288 1904 288 32 1.5 0.02
w 1952 224 1952 160 0
r 1952 288 1952 352 0 5.6
w 1904 304 1904 352 0
w 1904 352 1952 352 0
w 2016 160 1952 160 0
w 2064 416 1952 288 0
w 2016 160 2064 160 0
f 2016 240 2064 240 32 1.5 0.02
w 2016 272 2016 240 0
w 2064 288 2064 256 0
r 2016 160 2016 240 0 10000
162 2064 352 2064 416 2 fwdrop\q11 1 0 0 0.35000000000000003
f 2064 288 2016 288 32 1.5 0.02
w 2064 224 2064 160 0
r 2064 288 2064 352 0 5.6
w 2016 304 2016 352 0
w 2016 352 2064 352 0
o 0 64 0 4097 80 0.8 0 2 0 3
o 3 64 7 12291 0.0001 0.0001 1 1 3.6060126797567618
o 10 64 7 135171 5 0.4 2 1 5
