$ 1 60 0.34903429574618416 38 5 50 5e-11
r 848 336 848 192 0 0.1
r 672 192 736 192 0 1.8
w 672 192 672 224 0
w 736 192 736 240 0
r 672 272 672 336 0 100000
w 672 272 672 256 0
g 672 336 672 352 0 0
f 768 272 768 192 41 0.8 6
w 784 192 848 192 3
w 768 272 672 272 2
w 736 192 736 160 0
w 672 192 672 160 0
s 672 160 736 160 0 1 false
w 672 336 448 336 0
v 336 336 336 240 0 0 40 20 0 0 0.5
f 736 240 672 240 33 0.8 6
v 288 240 288 336 0 0 40 5 0 0 0.5
w 240 240 240 336 0
w 464 192 496 192 0
w 336 192 400 192 3
r 496 192 496 256 0 100000
w 448 256 496 256 2
w 496 192 672 192 3
w 448 288 448 336 0
w 448 336 336 336 0
f 448 256 448 192 33 1.5 6
f 400 272 448 272 32 1.5 6
w 736 192 752 192 0
w 400 192 432 192 0
w 400 272 400 192 0
w 848 336 672 336 0
b 384 128 524 370 0
x 359 118 539 121 4 10 Protection\spolarité\sinverse\set\scourt\scircuit
x 668 119 741 122 4 10 limite\sde\scourant
f 768 272 768 240 41 0.8 6
w 752 192 752 240 0
w 784 240 784 192 0
w 336 336 288 336 0
w 288 336 240 336 0
s 240 192 240 240 0 1 false
s 288 192 288 240 0 1 false
s 336 192 336 240 0 0 false
w 336 192 288 192 0
w 288 192 240 192 0
o 1 16 7 143618 0.0001 0.0001 0 1 0.6524531818309867
o 7 16 7 143618 0.0001 0.0001 1 1 77.25253097922347
