$ 1 5e-10 10.20027730826997 50 5 43 5e-11
R 240 48 240 16 0 0 40 5 0 0 0.5
w 240 144 192 144 0
f 192 176 240 176 33 1.5 0.2
w 240 160 240 144 0
f 192 240 240 240 32 1.5 0.2
w 240 192 240 208 0
w 240 208 240 224 0
w 240 256 240 272 0
g 240 272 240 288 0 0
w 240 272 192 272 0
w 240 272 288 272 0
c 192 240 192 272 0 1e-11 2.4987613733806064 0.001
c 192 240 192 208 0 1e-11 -2.496761373380216 0.001
c 192 208 192 176 0 1e-11 -0.0000016936876363615738 0.001
c 192 176 192 144 0 1e-11 -0.0000016943393044144273 0.001
l 240 48 240 96 0 1e-9 0.4473868917541828 0
r 240 96 240 144 0 0.01
r 192 208 112 208 0 100
g 112 272 112 288 0 0
f 64 240 112 240 32 1.5 0.02
w 112 272 112 256 0
w 112 224 112 208 0
w 112 208 112 192 0
w 112 144 112 160 0
r 192 144 112 144 0 1
r 112 272 192 272 0 1
f 64 176 112 176 33 1.5 0.02
w 64 176 64 240 0
L 0 176 -48 176 0 1 false 5 0
w 288 208 240 208 0
f 288 240 336 240 32 1.5 2
f 288 176 336 176 33 1.5 2
c 288 176 288 144 0 2.5000000000000002e-8 -4.548127053521513 0.001
c 336 208 288 208 0 1.6e-8 4.473834749399549 0.001
c 288 240 288 272 0 2.5000000000000002e-8 0.000012632293119937961 0.001
r 240 144 288 144 0 1
w 336 160 336 144 0
w 336 144 288 144 0
w 336 192 336 208 0
w 336 208 336 224 0
w 336 256 336 272 0
w 336 272 288 272 0
w 336 208 368 208 0
l 368 208 416 208 0 1e-12 0.4473847381680932 0
r 416 208 416 272 0 10
c 448 208 448 272 0 1e-12 4.473847381709445 0.001
w 448 272 416 272 0
w 416 272 336 272 0
w 416 208 448 208 0
w 288 208 288 176 0
w 288 208 288 240 0
I 0 176 64 176 0 0.5 5
o 44 64 0 4098 5 0.1 0 5 44 3 27 3 28 0 28 3
