$ 1 0.000005 2.5790339917193066 50 5 50 5e-11
r 400 224 400 272 0 100000
w 400 272 448 272 0
w 400 224 432 224 0
w 464 224 496 224 0
r 496 224 496 288 0 100000
s 496 288 576 288 0 1 true
g 576 320 576 336 0 0
g 448 304 448 320 0 0
c 624 304 624 352 0 1e-7 4.616581767522916 0.001
g 624 352 624 368 0 0
r 624 304 624 224 0 100000
w 576 192 400 192 0
w 400 224 400 192 0
w 496 224 624 224 0
r 736 224 736 304 0 100
g 736 304 736 320 0 0
r 576 288 576 192 0 10000
w 624 224 736 224 0
f 624 304 576 304 32 1.5 0.02
f 448 272 448 224 41 1.5 0.02
f 496 288 448 288 32 1.5 0.02
401 400 368 496 368 1 8\s15\s-15\s1000000\s2.3578070240278706\s2.3585581897551933\s100000 0\s20\s10000000000 0\s0
w 496 368 496 288 0
w 272 224 336 224 3
g 272 368 272 384 0 0
w 336 224 368 224 0
r 336 224 336 352 0 180000
34 zener-2.5 1 1.7143528192810002e-7 0 2.0000000000000084 2.5 1
z 336 416 336 352 2 zener-2.5
g 336 416 336 432 0 0
w 400 352 336 352 0
174 368 336 400 432 1 100000 0.6188 Resistance
w 368 224 400 224 0
w 368 224 368 336 0
g 368 432 368 448 0 0
c 272 224 272 368 0 0.001 6.185223043077042 8.2
o 8 16 0 143618 5.85773874876319 0.0001 0 2 8 3
o 29 32 0 143618 2.369522242744349 0.0001 1 2 29 3
