$ 1 0.000005 10.20027730826997 64 5 50 5e-11
r 576 240 576 320 0 15000
r 576 320 576 400 0 15000
r 576 400 656 400 0 1200
r 656 400 736 400 0 1200
r 736 400 960 400 0 15000
t 768 448 736 448 0 -1 -0.16542993103943332 -0.5454878321400829 100 default
w 736 432 736 400 0
t 800 464 768 464 0 -1 0.0039746547930959 -0.42611880952763587 100 default
r 800 464 800 592 0 47000
t 544 448 576 448 0 -1 -0.12152353498661178 -0.5441450662628868 100 default
w 576 432 576 400 0
t 512 464 544 464 0 -1 -0.002665843730581069 -0.42477517592273106 100 default
r 512 464 512 592 0 47000
w 544 480 544 592 0
t 656 544 576 544 0 1 0 0.5436328671787618 100 default
t 656 544 736 544 0 1 -0.05189052818140327 0.5436328671787618 100 default
w 768 480 768 592 0
w 736 528 736 464 0
w 576 464 576 496 0
w 576 496 576 528 0
w 576 496 656 496 0
w 656 496 656 544 0
w 576 560 576 592 0
w 736 560 736 592 0
w 576 592 544 592 0
w 544 592 512 592 0
w 576 592 736 592 0
w 736 592 768 592 0
w 768 592 800 592 0
g 576 592 576 608 0 0
w 512 464 416 464 0
w 416 416 800 416 0
w 800 416 800 464 0
w 576 240 896 240 0
t 896 320 960 320 0 1 -1.2329537332511689 0.5474302584977995 100 default
d 896 320 896 400 2 default
d 896 400 896 464 2 default
t 896 464 928 464 0 -1 2.4013811320911884 -0.3495596597228241 100 default
w 960 336 960 400 0
w 960 400 960 448 0
w 960 304 960 240 0
w 896 240 960 240 0
i 896 240 896 320 0 0.001
R 960 240 1008 240 0 0 40 5 0 0 0.5
w 960 448 928 448 0
t 928 544 960 544 0 1 -2.7509407918140125 0.46867521643701937 100 default
w 928 480 928 544 0
w 960 528 960 448 0
t 752 560 896 560 0 1 -2.2745329531680425 0.5955233953601651 100 default
w 896 576 896 592 0
w 896 592 800 592 0
w 896 592 960 592 0
w 960 592 960 560 0
w 896 544 896 464 0
w 752 560 752 528 0
w 752 528 736 528 0
368 960 400 1008 400 0 0
w 656 400 656 368 0
w 736 400 736 368 0
s 656 368 736 368 0 1 false
s 576 320 656 320 0 1 false
c 656 320 736 320 0 0.00001 2.0339804497317466 0.001
w 736 320 736 368 0
v 416 464 416 416 0 1 40 0.05 0 0 0.5
o 56 64 0 12290 3.786214778541941 0.0001 0 5 56 3 31 3 63 0 63 3
