$ 1 0.001 2.803162489452614 50 5 50 5e-11
c 816 288 912 288 0 0.000001 -0.8671762518208879 0.001
a 816 352 912 352 8 4 0 1000000 1.9999913283241986 2 100000
w 816 336 816 288 0
w 912 288 912 352 0
r 816 288 752 288 0 1000
r 608 416 560 368 0 1000
r 608 320 656 368 0 1000
r 560 368 608 320 0 1000.9
r 608 416 656 368 0 1000
R 608 320 608 288 0 0 40 4 0 0 0.5
g 608 416 608 432 0 0
w 656 368 816 368 0
w 560 368 544 352 0
w 544 352 544 272 0
w 544 272 672 272 0
r 816 240 912 240 0 1000000
w 816 288 816 240 0
w 912 240 912 288 0
368 912 288 976 288 0 0
a 672 288 752 288 9 4 0 1000000 1.9991004138136936 1.999100404817832 100000
w 672 304 672 336 0
w 672 336 752 336 0
w 752 336 752 288 0
p 560 368 656 368 1 0 0
o 3 64 0 4098 10 0.00009765625 0 2 3 3
38 7 F1 0 1000 1010 -1 Resistance
