$ 1 0.000005 1.700203994009402 50 5 43 5e-11
g 480 592 480 608 0 0
w 480 592 512 592 0
r 544 592 544 544 0 360000
r 544 544 544 448 0 960000
w 480 448 512 448 0
w 544 448 688 208 0
162 688 208 688 240 2 default-led 1 0 0 0.01
162 688 240 688 272 2 default-led 1 0 0 0.01
162 688 272 688 304 2 default-led 1 0 0 0.01
162 688 304 688 336 2 default-led 1 0 0 0.01
162 688 432 688 464 2 default-led 1 0 0 0.01
162 688 400 688 432 2 default-led 1 0 0 0.01
162 688 368 688 400 2 default-led 1 0 0 0.01
162 688 336 688 368 2 default-led 1 0 0 0.01
162 752 304 752 336 2 default-led 1 0 0 0.01
162 752 272 752 304 2 default-led 1 0 0 0.01
162 752 240 752 272 2 default-led 1 0 0 0.01
162 752 208 752 240 2 default-led 1 0 0 0.01
162 752 432 752 464 2 default-led 1 0 0 0.01
162 752 400 752 432 2 default-led 1 0 0 0.01
162 752 368 752 400 2 default-led 1 0 0 0.01
162 752 336 752 368 2 default-led 1 0 0 0.01
162 880 336 880 368 2 default-led 1 0 0 0.01
162 880 368 880 400 2 default-led 1 0 0 0.01
162 880 400 880 432 2 default-led 1 0 0 0.01
162 880 432 880 464 2 default-led 1 0 0 0.01
162 880 208 880 240 2 default-led 1 0 0 0.01
162 880 240 880 272 2 default-led 1 0 0 0.01
162 880 272 880 304 2 default-led 1 0 0 0.01
162 880 304 880 336 2 default-led 1 0 0 0.01
162 816 336 816 368 2 default-led 1 0 0 0.01
162 816 368 816 400 2 default-led 1 0 0 0.01
162 816 400 816 432 2 default-led 1 0 0 0.01
162 816 432 816 464 2 default-led 1 0 0 0.01
162 816 304 816 336 2 default-led 1 0 0 0.01
162 816 272 816 304 2 default-led 1 0 0 0.01
162 816 240 816 272 2 default-led 1 0 0 0.01
162 816 208 816 240 2 default-led 1 0 0 0.01
w 688 464 752 208 0
w 752 464 816 208 0
w 816 464 880 208 0
t 880 560 816 560 0 1 -2.795620830255232 0.5203659779994934 100 default
f 816 512 880 512 32 1.5 0.02
w 880 560 880 528 0
w 816 544 816 512 0
r 880 560 880 624 0 31
g 880 624 880 656 0 0
w 816 576 816 624 0
w 816 624 880 624 0
w 880 496 880 464 0
w 816 512 544 544 0
d 448 496 448 448 2 default
d 480 528 480 448 2 default
d 448 592 448 496 2 default
d 480 592 480 528 2 default
w 480 448 448 448 0
w 448 592 480 592 0
c 448 496 384 496 0 0.000001 102.75002771454976 0.001
v 384 528 384 496 0 1 40 169.7056274847714 0 0 0.5
w 384 528 480 528 0
w 512 448 544 448 0
w 512 592 544 592 0
c 512 448 512 592 0 0.00001 64.59602385984094 0.001
p 544 448 880 496 1 0 0
o 63 4 0 4098 320 0.1 0 3 58 0 58 3
