$ 1 0.000005 4.252108200006279 50 5 43 5e-11
x -636 -82 493 -79 4 24 Détecteur\sde\sprésence\savec\sampli\sd'instrumentation\smesurant\sla\sdifférence\sentre\sune\santenne\set\sl'éméteur
l -128 144 -80 144 0 0.1 -0.0024613380217349116 0
c -80 144 -80 192 0 0.000001 -9.737615006708474 0.001
v -176 192 -176 144 0 1 143.46 15 0 0 0.5
p -176 240 -176 288 1 0 0
w -176 192 -128 192 0
r -176 144 -128 144 0 50
w -128 192 -80 192 0
w -80 192 -32 192 0
w 16 192 64 192 0
w -32 192 16 192 0
c 16 144 16 192 0 0.000001 -8.758130397205838 0.001
l -32 144 16 144 0 0.1 0.007657016294794067 0
l 160 144 208 144 0 0.1 0.025138644518832666 0
c 208 144 208 192 0 0.000001 -4.8810596501922205 0.001
w 160 192 208 192 0
w 208 192 256 192 0
w 112 192 160 192 0
w 64 192 112 192 0
c 112 144 112 192 0 0.000001 -7.095860558943842 0.001
l 64 144 112 144 0 0.1 0.017113613292402186 0
l 352 144 400 144 0 0.1 0.034352720706139275 0
c 400 144 400 192 0 0.000001 0.4822344687194722 0.001
w 352 192 400 192 0
w 400 192 448 192 0
w 304 192 352 192 0
w 256 192 304 192 0
c 304 144 304 192 0 0.000001 -2.2871266276971065 0.001
l 256 144 304 144 0 0.1 0.03104425922378364 0
l 256 240 304 240 0 0.1 -0.03236886819092422 0
c 304 240 304 288 0 0.000001 2.9805761848032644 0.001
w 256 288 304 288 0
w 304 288 352 288 0
w 400 288 448 288 0
w 352 288 400 288 0
c 400 240 400 288 0 0.000001 0.2735521134800337 0.001
l 352 240 400 240 0 0.1 -0.03503803623516697 0
l 64 240 112 240 0 0.1 -0.019350194637777512 0
c 112 240 112 288 0 0.000001 7.4982915023770556 0.001
w 64 288 112 288 0
w 112 288 160 288 0
w 208 288 256 288 0
w 160 288 208 288 0
c 208 240 208 288 0 0.000001 5.450921411192949 0.001
l 160 240 208 240 0 0.1 -0.02698659480709013 0
l -32 240 16 240 0 0.1 -0.010099822181496946 0
c 16 240 16 288 0 0.000001 8.955152321307619 0.001
w -32 288 16 288 0
w 16 288 64 288 0
w -80 288 -32 288 0
w -128 288 -80 288 0
r -80 240 -32 240 0 3
c -80 240 -80 288 0 0.000001 9.715620546480725 0.001
l -128 240 -80 240 0 0.1 4.3541559247021537e-20 0
w 448 288 496 240 0
w 496 240 448 192 0
w 448 240 496 192 0
w 496 192 448 144 0
w -128 240 -176 240 0
w -128 288 -176 288 0
r -80 144 -32 144 0 3
r 16 144 64 144 0 3
r 16 240 64 240 0 3
r 112 240 160 240 0 3
r 112 144 160 144 0 3
r 304 144 352 144 0 3
r 208 144 256 144 0 3
r 304 240 352 240 0 3
r 208 240 256 240 0 3
r 400 240 448 240 0 3
r 400 144 448 144 0 3
g -176 192 -176 208 0 0
p 496 192 496 240 1 1 0
a -448 224 -528 224 8 15 -15 1000000 10.071220431792694 9.715620546480636 10
w -304 240 -176 240 0
w -256 144 -176 144 0
368 -256 352 -208 352 0 0
a -320 160 -416 160 8 15 -15 1000000 -0.00010071220431792694 0 100000
g -320 176 -304 176 0 0
r -256 144 -320 144 0 1000
r -320 112 -416 112 0 1000
w -416 112 -416 160 0
w -320 144 -320 112 0
w -416 160 -448 208 0
w -448 240 -304 240 0
403 -288 -16 -80 96 0 3_64_0_4098_40_0.05_-1_3_3_3_4_0
g -352 368 -352 400 0 0
w -256 304 -256 352 0
r -352 304 -256 304 0 1000
w -352 336 -352 304 0
w -400 304 -352 304 0
a -352 352 -256 352 8 15 -15 1000000 -0.000035557931752937296 0 100000
r -400 304 -400 368 0 500
r -528 304 -400 304 0 1000
r -528 368 -528 304 0 1000
r -528 368 -400 368 0 1000
w -528 416 -528 368 0
w -528 416 -528 448 0
d -400 368 -400 464 2 default
w -432 464 -400 464 0
d -432 416 -528 416 2 default
w -432 464 -432 416 0
g -528 480 -528 512 0 0
a -528 464 -432 464 8 15 -15 1000000 -0.00000514189906755215 0 100000
w -528 224 -528 304 0
x 533 191 775 194 4 24 \q0\ssi\sonde\sstationnaire
o 76 16 0 4098 10 6.4 0 2 76 3
38 3 F1 3 143 144 -1 Frequency
