$ 1 0.000005 10.20027730826997 50 5 50 5e-11
R 896 192 896 160 0 0 40 5 0 0 0.5
w 768 224 768 192 0
w 896 192 768 192 0
w 832 240 832 272 0
w 832 272 768 272 0
w 768 272 768 256 0
w 896 224 896 192 0
r 768 272 768 384 0 220.00000000000003
g 768 384 768 400 0 0
g 864 400 864 416 0 0
w 896 256 896 304 0
w 896 304 864 304 0
w 896 304 928 304 0
w 864 336 864 368 0
f 896 384 864 384 32 1.5 0.02
f 832 240 768 240 33 1.5 0.02
f 832 240 896 240 33 1.5 0.02
f 816 320 864 320 33 1.5 0.02
f 976 320 928 320 33 1.5 0.02
f 896 384 928 384 32 1.5 0.0208
g 928 400 928 416 0 0
w 928 368 928 336 0
w 816 320 720 320 0
w 976 320 976 288 0
w 976 288 720 288 0
w 928 368 992 368 0
R 720 288 688 288 0 1 40 1 2.5 0 0.5
w 896 384 896 336 0
w 896 336 864 336 0
f 832 240 1040 240 33 1.5 0.02
f 992 368 1040 368 32 1.5 0.02
g 1040 384 1040 400 0 0
w 1040 224 1040 192 0
w 1040 192 896 192 0
w 1040 256 1040 320 0
w 1040 352 1040 320 0
c 1040 320 992 320 0 1e-8 0.9408010508354439 0.001
w 992 368 992 320 0
w 1040 320 1088 320 0
w 1088 320 1088 128 0
w 1088 128 640 128 0
w 640 128 640 320 0
w 640 320 720 320 0
o 25 64 0 4098 10 0.0125 0 3 35 0 35 3
o 26 64 0 4098 5 0.00009765625 0 2 26 3
o 38 64 0 4098 5 0.1 1 4 38 3 24 0 24 3
38 19 F1 1 0.01 0.03 -1 beta
