$ 1 0.000005 10.20027730826997 84 5 43 5e-11
a 304 176 384 176 8 3.3 0 1000000 1.6499897265422543 1.65 100000
r 224 96 384 96 0 1000000
w 224 96 224 160 0
w 384 176 384 96 0
r 224 160 176 160 0 1000
R 112 112 80 112 0 1 40 0.001 1.65 0 0.5
403 448 0 704 176 0 3_16_0_12290_2.692548185204539_0.0001_0_2_3_3
w 224 32 224 96 0
r 320 32 384 32 0 100000
w 384 32 384 96 0
w 224 160 304 160 0
w 288 32 256 32 0
f 304 -16 304 32 40 1.5 0.02
f 240 -16 240 32 32 1.5 0.02
w 240 -16 304 -16 0
R 304 192 272 192 0 0 40 1.65 0 0 0.5
r 176 16 112 16 0 100000
s 112 -16 176 -16 0 0 false
R 112 -16 80 -16 0 0 40 5 0 0 0.5
s 112 112 176 112 0 1 false
w 176 112 176 160 0
s 112 160 176 160 0 1 false
R 112 160 80 160 0 1 40 0.03 1.65 0 0.5
w 176 160 176 208 0
s 112 208 176 208 0 0 false
R 112 208 80 208 0 1 40 1 1.65 0 0.5
w 176 16 176 -16 0
w 176 -16 240 -16 0
w 224 32 224 -64 0
w 176 -112 240 -112 0
w 176 -80 176 -112 0
w 240 -112 304 -112 0
f 240 -112 240 -64 32 1.5 0.02
f 304 -112 304 -64 40 1.5 0.02
r 320 -64 384 -64 0 10000
w 384 32 384 -64 0
g 112 16 96 16 0 0
w 384 -64 384 -160 0
r 320 -160 384 -160 0 1000
f 304 -208 304 -160 40 1.5 0.02
f 240 -208 240 -160 32 1.5 0.02
w 240 -208 304 -208 0
w 176 -176 176 -208 0
w 176 -208 240 -208 0
w 224 -64 224 -160 0
w 288 -64 256 -64 0
w 256 -160 288 -160 0
g 112 -80 96 -80 0 0
r 176 -80 112 -80 0 100000
s 112 -112 176 -112 0 1 false
R 112 -112 80 -112 0 0 40 5 0 0 0.5
g 112 -176 96 -176 0 0
r 176 -176 112 -176 0 100000
s 112 -208 176 -208 0 0 false
R 112 -208 80 -208 0 0 40 5 0 0 0.5
