$ 1 0.000005 10.20027730826997 63 5 50 5e-11
w 320 256 288 256 0
w 288 224 320 224 0
l 288 224 288 256 0 1000 0.00003742509078716597 0
r 288 224 256 224 0 100000
x 235 177 295 180 4 24 Piezo
b 198 191 365 284 0
w 320 256 384 256 0
r 320 224 352 224 0 100000
r 320 256 320 224 0 100000
w 256 256 288 256 0
v 256 256 256 224 0 2 40 20 0 0 0.5
w 352 224 384 224 0
g 384 256 384 272 0 0
f 480 224 528 224 32 1.5 0.02
w 384 224 480 224 0
R 528 160 528 128 0 0 40 5 0 0 0.5
r 528 208 528 160 0 100000
g 528 240 528 256 0 0
g 528 400 528 416 0 0
r 528 368 528 320 0 100000
R 528 320 528 288 0 0 40 5 0 0 0.5
w 480 224 480 384 0
f 480 384 528 384 33 1.5 0.02
w 528 368 560 368 0
w 528 208 560 208 0
o 14 16 0 143618 13.025469124473124 0.0001 0 6 14 3 24 0 24 3 23 0 23 3
