$ 1 0.000005 10.20027730826997 69 5 50 5e-11
409 576 256 672 256 1 0.6 2.4417303890435442 0.023100000000000002 1
g 624 288 624 304 0 0
R 624 224 624 192 0 0 40 5 0 0 0.5
v 256 256 256 224 0 1 40 20 0 0 0.5
w 256 256 288 256 0
r 320 256 320 224 0 100000
r 320 224 352 224 0 100000
w 320 256 384 256 0
w 352 224 384 224 0
w 672 256 704 256 0
x 714 237 799 240 4 24 Vers\suC
b 198 191 365 284 0
x 235 177 295 180 4 24 Piezo
d 448 240 480 208 2 default
w 384 224 416 208 0
w 416 208 480 208 0
d 448 240 480 272 2 default
d 480 272 512 240 2 default
d 480 208 512 240 2 default
w 384 256 416 272 0
w 416 272 480 272 0
w 512 240 576 240 0
r 288 224 256 224 0 100000
w 576 272 560 272 0
g 448 240 432 240 0 0
R 560 272 528 272 0 0 40 2 0 0 0.5
r 384 224 384 256 0 100000
l 288 224 288 256 0 1000 0.0000032517449974549132 0
w 288 224 320 224 0
w 320 256 288 256 0
o 8 16 0 143618 3.8939560684913745 0.0001 0 5 8 3 7 0 7 3 9 3
o 21 16 0 143618 4.48105733320442 0.0001 1 7 21 3 9 3 23 0 23 3 9 0 9 3
