$ 1 0.0000049999999999999996 10.20027730826997 50 5 50 5e-11
v 0 256 -48 256 0 1 53 1 0 0 0.5
w 0 256 32 256 0
r 64 256 64 224 0 10000000
r 64 224 96 224 0 100000
w 64 256 128 256 0
b -58 191 109 284 0
x -21 177 39 180 4 24 Piezo
r 32 224 0 224 0 100000
l 32 224 32 256 0 1000 3.364138666928571e-7 0
w 32 224 64 224 0
w 64 256 32 256 0
g 624 368 624 384 0 0
c 624 304 624 368 0 1e-7 0.5361075962763536 0.001
f 560 240 624 240 32 1.5 0.02
r 624 256 624 304 0 10000
f 752 336 704 336 32 1.5 0.02
w 624 304 704 320 0
w 704 352 624 368 0
v 0 224 -48 224 0 1 40 1 0 0 0.5
v -48 256 -48 224 0 1 67 1 0 0 0.5
R 624 224 624 192 0 0 40 5 0 0 0.5
R 880 432 912 432 0 0 40 5 0 0 0.5
g 816 432 800 432 0 0
w 848 336 848 304 0
r 848 336 848 416 0 10000
r 944 336 848 336 0 10000
w 944 288 944 336 0
R 944 224 944 192 0 0 40 5 0 0 0.5
r 944 288 944 224 0 10000
401 848 288 944 288 1 8\s15\s-15\s1000000\s3.0556273990597993\s0.5361075962763536\s100000 0\s20\s10000000000 1\s0
w 848 272 688 272 0
w 688 272 624 304 0
f 944 288 1024 288 33 1.5 0.02
R 1024 272 1024 240 0 0 40 5 0 0 0.5
r 1024 304 1024 368 0 100000
g 1024 368 1024 384 0 0
w 1024 304 752 336 0
174 816 432 880 432 1 10000 0.3713 Resistance
r 656 224 656 256 0 10000000
w 656 256 624 256 0
w 624 224 656 224 0
r 592 304 592 368 0 1000000
w 624 368 592 368 0
w 624 304 592 304 0
v 80 160 112 160 0 1 60 0.03 0 0 0.5
w 96 224 128 224 0
w 128 304 128 256 0
a 128 240 208 240 9 5 0 1000000 2.5 2.503339596142808 1
R 128 304 128 336 0 0 40 2.5 0 0 0.5
w 208 240 240 240 0
a 368 288 448 288 8 5 0 1000000 2.275763241848288 2.2727272727272725 100000
r 368 272 304 272 0 1000
r 368 240 448 240 0 10000
w 368 272 368 240 0
w 448 288 448 240 0
r 368 304 304 304 0 1000
r 368 304 368 352 0 10000
g 368 352 368 368 0 0
w 304 304 128 304 0
w 240 240 304 272 0
g 368 176 368 192 0 0
r 368 128 368 176 0 10000
r 368 128 304 128 0 1000
w 448 112 448 64 0
w 368 96 368 64 0
r 368 64 448 64 0 10000
r 368 96 304 96 0 1000
a 368 112 448 112 8 5 0 1000000 2.2757879325481545 2.2757632692207346 100000
w 304 96 128 304 0
w 240 240 304 128 0
d 448 240 496 240 2 default
d 448 112 496 112 2 default
w 496 112 496 240 0
w 560 240 496 240 0
c 128 224 128 256 0 0.00001 0.003339596142807988 0.001
o 49 16 3 4098 0.3125 0.00009765625 0 6 54 3 63 3 49 3 73 0 73 3
o 12 16 0 4098 5 0.0125 1 4 12 3 26 0 26 3
