$ 1 0.000005 10.20027730826997 50 5 50 5e-11
409 576 256 672 256 1 0.6 -4.545644858304791 0.023100000000000002 0
g 624 288 624 304 0 0
R 624 224 624 192 0 0 40 5 0 0 0.5
v 320 256 320 224 0 1 40 5 0 0 0.5
w 320 256 352 256 0
r 352 256 352 224 0 100000
r 352 224 384 224 0 100000
w 352 256 432 256 0
w 384 224 432 224 0
g 544 288 544 304 0 0
w 672 256 704 256 0
x 714 237 799 240 4 24 Vers\suC
b 256 192 407 285 0
x 267 177 327 180 4 24 Piezo
d 448 240 480 208 2 default
w 432 224 432 208 0
w 432 208 480 208 0
d 448 240 480 272 2 default
d 480 272 512 240 2 default
d 480 208 512 240 2 default
w 432 256 432 272 0
w 432 272 480 272 0
w 448 240 448 288 0
w 448 288 544 288 0
w 544 288 544 272 0
w 544 272 576 272 0
w 512 240 576 240 0
r 352 224 320 224 0 100000
o 8 16 0 143618 2.3810172054101475 0.0001 0 5 8 3 7 0 7 3 10 3
o 26 16 0 143618 4.884287896163655 0.0001 1 6 26 3 25 0 25 3 10 0 10 3
