$ 1 0.000005 10.20027730826997 69 5 50 5e-11
v 256 256 208 256 0 1 53 10 0 0 0.5
w 256 256 288 256 0
r 320 256 320 224 0 100000
r 320 224 352 224 0 100000
w 320 256 384 256 0
w 352 224 384 224 0
b 198 191 365 284 0
x 235 177 295 180 4 24 Piezo
d 448 240 480 208 2 default
w 384 224 416 208 0
w 416 208 480 208 0
d 448 240 480 272 2 default
d 480 272 512 240 2 default
d 480 208 512 240 2 default
w 384 256 416 272 0
w 416 272 480 272 0
w 512 240 560 240 0
r 288 224 256 224 0 100000
g 448 240 432 240 0 0
l 288 224 288 256 0 1000 0.000012605620465064671 0
w 288 224 320 224 0
w 320 256 288 256 0
g 624 368 624 384 0 0
c 624 304 624 368 0 1e-7 2.8503574374080145 0.001
f 560 240 624 240 32 1.5 0.02
r 624 256 624 304 0 10000
f 752 336 704 336 32 1.5 0.02
w 624 304 704 320 0
w 704 352 624 368 0
a 720 240 800 240 8 5 0 1000000 3 2.8503574374080145 100000
R 720 224 688 224 0 0 40 3 0 0 0.5
w 800 336 752 336 0
d 800 240 800 336 2 default
c 800 336 800 384 0 1e-7 0.0982641334361682 0.001
g 800 384 800 400 0 0
r 864 336 864 384 0 6800
g 864 384 864 400 0 0
207 864 336 912 336 4 uC
v 256 224 208 224 0 1 40 10 0 0 0.5
v 208 256 208 224 0 1 67 10 0 0 0.5
p 416 208 416 272 1 0 0
R 624 224 624 192 0 0 40 5 0 0 0.5
w 720 256 624 304 0
w 864 336 800 336 0
o 5 16 3 135426 13.707859784257096 0.0001 0 5 4 3 40 0 16 0 16 3
o 23 16 0 143618 3.2959682546972426 0.0001 1 4 23 3 37 0 37 3
