$ 1 0.000005 10.20027730826997 69 5 50 5e-11
v 256 256 256 224 0 1 40 20 0 0 0.5
w 256 256 288 256 0
r 320 256 320 224 0 100000
r 320 224 352 224 0 100000
w 320 256 384 256 0
w 352 224 384 224 0
b 198 191 365 284 0
x 235 177 295 180 4 24 Piezo
d 448 240 480 208 2 default
w 384 224 416 208 0
w 416 208 480 208 0
d 448 240 480 272 2 default
d 480 272 512 240 2 default
d 480 208 512 240 2 default
w 384 256 416 272 0
w 416 272 480 272 0
w 512 240 560 240 0
r 288 224 256 224 0 100000
g 448 240 432 240 0 0
l 288 224 288 256 0 1000 0.00000859067302447777 0
w 288 224 320 224 0
w 320 256 288 256 0
R 624 160 624 128 0 0 40 5 0 0 0.5
f 672 176 624 176 33 1.5 0.02
f 672 176 720 176 33 1.5 0.02
w 672 176 672 208 0
w 624 208 672 208 0
w 624 192 624 208 0
R 720 160 720 128 0 0 40 5 0 0 0.5
g 720 304 720 320 0 0
c 720 240 720 304 0 1e-7 0.9719433990359249 0.001
w 720 192 720 240 0
f 560 240 624 240 32 1.5 0.02
w 624 224 624 208 0
g 624 304 624 320 0 0
r 624 256 624 304 0 10000
r 384 256 384 224 0 100000
f 848 272 800 272 32 1.5 0.02
w 720 240 800 256 0
w 800 288 720 304 0
a 816 176 896 176 8 5 0 1000000 3 0.9719433990359249 100000
w 816 192 720 192 0
R 816 160 784 160 0 0 40 3 0 0 0.5
w 896 272 848 272 0
d 896 176 896 272 2 default
c 896 272 896 320 0 1e-7 0.850068656639818 0.001
g 896 320 896 336 0 0
r 896 272 960 272 0 6800
g 960 272 976 272 0 0
w 896 176 944 176 0
d 944 176 992 176 2 default
c 992 176 992 224 0 1e-7 0.33787030451010086 0.001
g 992 224 992 240 0 0
r 1040 176 1040 224 0 3900
g 1040 224 1040 240 0 0
w 992 176 1040 176 0
o 5 16 0 143618 3.893956834301715 0.0001 0 4 5 3 4 0 4 3
o 30 16 0 143618 3.4934007139133856 0.0001 1 6 30 3 49 0 49 3 55 0 55 3
