$ 1 0.000005 10.20027730826997 73 5 50 5e-11
g 416 336 416 360 0 0
w 560 272 560 320 0
w 416 272 416 304 0
a 416 320 560 320 8 15 -15 1000000 2.226747191158981e-32 0 100000
c 416 272 560 272 0 0.000001 2.2267694586308925e-27 0.001
O 560 320 624 320 0 0
R -432 232 -472 232 0 6 40 10 0 0 0.5
w -280 264 -280 240 0
w -280 232 -280 184 0
w -280 240 -280 232 0
w -384 184 -384 232 0
c -384 184 -280 184 0 0.000001 -0.06607909150919797 0.001
g -336 352 -336 368 0 0
r -384 232 -432 232 0 1000
r -336 232 -384 232 0 1000
w -336 232 -336 296 0
c -336 296 -336 352 0 0.000001 -0.23205027533999134 0.001
w -320 232 -336 232 0
w -320 264 -280 264 0
w -320 248 -320 264 0
a -320 240 -280 240 11 15 -15 1000000 -0.23204795486044275 -0.23205027533999134 100000
c -128 240 -128 304 0 0.000001 5.874e-321 0.001
s -280 240 -208 240 0 1 true
g -128 304 -128 320 0 0
r -208 240 -208 304 0 1000
g -208 304 -208 320 0 0
403 392 8 608 136 0 5_64_0_12290_0.0001_0.0001_-1_1
w 480 224 416 224 0
w 416 224 416 272 0
w 560 272 560 224 0
w 560 224 512 224 0
R 464 160 416 160 0 0 40 5 0 0 0.5
s 464 160 496 160 0 1 true
f 496 160 496 224 32 1.5 0.02
r -208 240 -128 240 0 1000
368 -32 48 -32 -16 0 0
403 -368 16 -160 128 0 35_64_0_4098_0.0000762939453125_1.6_-1_4_35_3_55_0_55_3
a 48 240 128 240 8 15 -15 1000000 -3.1241030482038288e-55 0 100000
g 48 256 48 272 0 0
r -32 224 48 224 0 10000
d 128 176 48 176 2 default
w 48 176 48 224 0
w 128 240 128 176 0
d 128 112 128 176 2 default
w 48 176 48 112 0
r 48 112 128 112 0 10000
r 224 48 128 48 0 10000
w 128 48 -32 48 0
w -32 48 -32 176 0
a 224 128 320 128 8 15 -15 1000000 0 0 100000
g 224 144 224 160 0 0
r 224 48 320 48 0 10000
w 320 48 320 128 0
w 224 112 224 48 0
r 128 112 224 112 0 5000
368 320 48 320 -16 0 0
a -128 224 -32 224 8 15 -15 1000000 5.874e-321 5.874e-321 100000
w -128 208 -128 176 0
w -128 176 -32 176 0
w -32 176 -32 224 0
r 320 272 416 272 0 10000
a 224 272 320 272 8 15 -15 1000000 0 0 100000
g 224 288 208 288 0 0
r 224 224 320 224 0 10000
r 224 224 160 224 0 1000
w 320 224 320 272 0
w 224 256 224 224 0
w 160 224 160 192 0
w 160 192 320 192 0
w 320 192 320 128 0
r 496 160 560 160 0 1000
g 560 160 576 160 0 0
x 407 190 577 193 4 24 reset\sby\sthe\scpu
b -492 144 -43 395 0
x -456 424 -327 427 4 24 piezo\smodel
x 0 346 300 349 4 24 Full\swave\srectifier\s\p\s-10\sgain
x 436 407 538 410 4 24 Integrator
