$ 1 0.0000049999999999999996 1.8479586061009856 69 5 50 5e-11
v 256 256 208 256 0 1 53 6.5 0 0 0.5
w 256 256 288 256 0
r 320 256 320 224 0 100000
r 320 224 352 224 0 100000
w 320 256 384 256 0
w 352 224 384 224 0
b 198 191 365 284 0
x 235 177 295 180 4 24 Piezo
d 448 240 480 208 2 default
w 384 224 416 208 0
w 416 208 480 208 0
d 448 240 480 272 2 default
d 480 272 512 240 2 default
d 480 208 512 240 2 default
w 384 256 416 272 0
w 416 272 480 272 0
w 512 240 560 240 0
r 288 224 256 224 0 100000
g 448 240 432 240 0 0
l 288 224 288 256 0 1000 -0.000015123125487071669 0
w 288 224 320 224 0
w 320 256 288 256 0
R 624 160 624 128 0 0 40 5 0 0 0.5
f 672 176 624 176 33 1.5 0.02
f 672 176 720 176 33 1.5 0.02
w 672 176 672 208 0
w 624 208 672 208 0
w 624 192 624 208 0
R 720 160 720 128 0 0 40 5 0 0 0.5
g 720 304 720 320 0 0
c 720 240 720 304 0 1e-7 1.544141777940251 0.001
w 720 192 720 240 0
f 560 240 624 240 32 1.5 0.02
w 624 224 624 208 0
g 624 304 624 320 0 0
r 624 256 624 304 0 10000
f 848 272 800 272 32 1.5 0.02
w 720 240 800 256 0
w 800 288 720 304 0
a 816 176 896 176 8 5 0 1000000 3 1.544141777940251 100000
w 816 192 720 192 0
R 816 160 784 160 0 0 40 3 0 0 0.5
w 896 272 848 272 0
d 896 176 896 272 2 default
c 896 272 896 320 0 1e-7 0.036080279033170334 0.001
g 896 320 896 336 0 0
r 896 272 960 272 0 6800
g 960 272 976 272 0 0
w 896 176 1040 176 0
207 1040 176 1040 144 4 uC
v 256 224 208 224 0 1 40 6.5 0 0 0.5
v 208 256 208 224 0 1 67 6.5 0 0 0.5
p 416 208 416 272 1 0 0
164 1184 176 1264 176 0 4 5 0 0 5 false 0
w 1040 176 1120 176 0
164 1184 0 1264 0 0 4 0 5 0 0 false 0
w 1280 176 1280 128 0
w 1280 128 1168 128 0
w 1168 0 1184 0 0
w 1184 96 1184 272 0
L 1184 272 1152 272 0 0 true 5 0
157 1504 176 1600 176 0 7 0 0
197 1376 176 1408 176 0
w 1504 304 1568 304 0
w 1504 336 1600 304 0
w 1504 368 1632 304 0
w 1280 176 1376 176 0
w 1280 208 1376 208 0
w 1280 240 1376 240 0
w 1280 272 1376 272 0
w 1280 96 1376 96 0
w 1280 64 1376 64 0
w 1280 32 1376 32 0
w 1280 0 1376 0 0
w 1504 192 1632 128 0
w 1504 160 1600 128 0
w 1504 128 1568 128 0
197 1376 0 1408 0 0
157 1504 0 1600 0 0 7 0 0
182 1120 176 1184 176 0 0.5 1.66 3.33 5 0
I 1168 128 1168 0 0 0.5 5
o 5 8 0 143618 7.582137667398788 0.0001 0 5 5 3 4 0 4 3 52 0
o 30 8 0 143618 3.0051067587944407 0.0001 1 5 30 3 48 3 49 0 49 3
