$ 1 0.0000049999999999999996 10.20027730826997 67 5 50 5e-11
v 208 272 160 272 0 1 53 1.4142135623730951 0 0 0.5
w 208 272 336 272 0
b 150 207 317 300 0
x 181 192 241 195 4 24 Piezo
g 624 368 624 384 0 0
c 624 304 624 368 0 1e-7 1.6433923219077748 0.001
f 752 336 704 336 32 1.5 0.02
w 624 304 704 320 0
w 704 352 624 368 0
v 208 240 160 240 0 1 40 1.4142135623730951 0 0 0.5
v 160 272 160 240 0 1 67 1.4142135623730951 0 0 0.5
R 880 432 912 432 0 0 40 5 0 0 0.5
g 816 432 800 432 0 0
w 848 336 848 304 0
r 848 336 848 416 0 10000
r 944 336 848 336 0 10000
w 944 288 944 336 0
R 944 224 944 192 0 0 40 5 0 0 0.5
r 944 288 944 224 0 10000
401 848 288 944 288 1 8\s15\s-15\s1000000\s3.0556273990597993\s1.6433923219077748\s100000 0\s20\s10000000000 1\s0
w 848 272 688 272 0
w 688 272 624 304 0
f 944 288 1024 288 33 1.5 0.02
R 1024 272 1024 240 0 0 40 5 0 0 0.5
r 1024 304 1024 368 0 100000
g 1024 368 1024 384 0 0
w 1024 304 752 336 0
174 816 432 880 432 1 10000 0.3713 Resistance
c 208 240 256 240 0 3.7e-8 -0.41232918429352877 0.001
r 256 240 336 240 0 100000
g 336 272 336 288 0 0
a 432 224 512 224 8 5 0 1000000 -0.000018086821530071123 -0.26312412725892825 100000
r 432 208 368 208 0 220000.00000000003
g 368 208 352 208 0 0
w 432 208 432 176 0
r 512 176 432 176 0 100000
w 432 240 368 240 0
a 432 320 512 320 9 5 0 1000000 0.0000194010075161707 0 100000
g 432 304 416 304 0 0
r 432 336 368 336 0 470000
r 432 368 512 368 0 1000000
w 432 368 432 336 0
w 368 240 336 240 0
w 368 240 368 336 0
w 512 368 512 320 0
w 512 224 512 176 0
d 512 224 560 224 2 default
d 512 320 560 320 2 default
w 560 320 560 224 0
f 560 224 624 224 32 1.5 0.00125
r 624 240 624 304 0 10000
R 624 208 624 176 0 0 40 5 0 0 0.5
o 48 16 0 4098 5 0.00009765625 0 4 48 3 36 0 36 3
o 5 16 0 4098 5 0.003125 1 2 5 3
