$ 1 0.000005 10.20027730826997 78 5 50 5e-11
r 816 96 816 176 0 10000
w 944 208 944 160 0
w 1040 160 1040 224 0
g 816 240 816 256 0 0
w 816 96 816 16 0
a 1216 272 1312 272 8 3 0 1000000 3.0000000013679524 3.305368439200418 100000
a 944 224 1040 224 8 3 0 1000000 2.2500239366409858 2.6328063758936073 100000
w 944 240 816 96 0
w 816 176 944 48 0
c 816 176 816 240 0 1e-7 0.5591435491619133 0.001
g 1040 400 1040 416 0 0
r 960 368 1040 368 0 100000
c 912 368 960 368 0 3.7e-8 -3.0912367454421377 0.001
v 864 400 864 368 0 1 67 1.4142135623730951 0 0 0.5
v 912 368 864 368 0 1 40 1.4142135623730951 0 0 0.5
x 885 320 945 323 4 24 Piezo
b 854 335 1021 428 0
w 912 400 1040 400 0
v 912 400 864 400 0 1 53 1.4142135623730951 0 0 0.5
w 1040 288 1040 368 0
d 1312 272 1312 16 2 default
w 800 192 816 176 0
w 800 224 816 240 0
a 720 160 640 160 8 3 0 1000000 1.65 0.5591435491619133 100000
w 816 176 720 176 0
d 640 160 640 208 2 default
f 736 208 800 208 32 1.5 0.02
c 736 208 736 256 0 1e-8 0.17022244450903695 0.001
g 736 256 736 272 0 0
r 688 208 688 256 0 10000
g 688 256 688 272 0 0
w 688 208 736 208 0
a 944 64 1040 64 9 3 0 1000000 0.7499952564321622 0.5591435491619133 100000
r 944 160 1040 160 0 25000
w 944 80 944 128 0
r 944 128 1040 128 0 25000
w 1040 128 1040 64 0
a 1104 144 1184 144 8 3 0 1000000 1.4999904588486126 1.5000191383719625 100000
r 1040 224 1104 224 0 40000
w 1104 160 1104 224 0
r 1104 224 1184 224 0 40000
w 1104 128 1104 64 0
r 1040 64 1104 64 0 40000
r 1104 64 1184 64 0 40000
w 1184 144 1184 64 0
g 1184 224 1184 240 0 0
r 944 128 944 160 0 50000
w 1184 64 1216 64 0
w 1216 64 1216 256 0
w 1312 16 816 16 0
r 720 144 720 80 0 100000
r 768 144 768 80 0 100000
R 768 80 768 48 0 0 40 3.3 0 0 0.5
g 720 80 720 64 0 0
w 768 144 720 144 0
w 640 208 688 208 0
a 1120 352 1216 352 8 3 0 1000000 3.3241684391935022 0 100000
g 1120 368 1120 384 0 0
r 1040 288 1120 288 0 1000000
r 1120 288 1216 288 0 1000000
w 1120 336 1120 288 0
w 1216 288 1200 272 0
d 1216 352 1216 288 2 1N4004
o 19 16 0 4098 10 0.00009765625 0 4 19 3 61 0 61 3
o 9 16 0 4098 2.5 0.05 0 2 9 3
o 31 16 0 4098 5 0.00078125 1 2 31 3
