$ 1 0.000005 10.20027730826997 69 5 50 5e-11
v 256 256 208 256 0 1 53 10 0 0 0.5
w 256 256 288 256 0
r 320 256 320 224 0 100000
r 320 224 352 224 0 100000
w 320 256 384 256 0
w 352 224 384 224 0
b 198 191 365 284 0
x 235 177 295 180 4 24 Piezo
d 448 240 480 208 2 default
w 384 224 416 208 0
w 416 208 480 208 0
d 448 240 480 272 2 default
d 480 272 512 240 2 default
d 480 208 512 240 2 default
w 384 256 416 272 0
w 416 272 480 272 0
w 512 240 560 240 0
r 288 224 256 224 0 100000
g 448 240 432 240 0 0
l 288 224 288 256 0 1000 0.000004945401699078287 0
w 288 224 320 224 0
w 320 256 288 256 0
g 624 368 624 384 0 0
c 624 304 624 368 0 1e-7 2.3185168805094767 0.001
f 560 240 624 240 32 1.5 0.02
r 624 256 624 304 0 10000
f 752 336 704 336 32 1.5 0.02
w 624 304 704 320 0
w 704 352 624 368 0
v 256 224 208 224 0 1 40 10 0 0 0.5
v 208 256 208 224 0 1 67 10 0 0 0.5
p 416 208 416 272 1 0 0
R 624 224 624 192 0 0 40 5 0 0 0.5
R 912 400 944 400 0 0 40 5 0 0 0.5
g 784 400 768 400 0 0
r 848 400 784 400 0 5600
r 912 400 848 400 0 10000
w 848 336 848 304 0
r 848 336 848 400 0 10000
r 944 336 848 336 0 10000
w 944 288 944 336 0
R 944 224 944 192 0 0 40 5 0 0 0.5
r 944 288 944 224 0 10000
401 848 288 944 288 1 8\s15\s-15\s1000000\s3.0916014165852643\s2.3185168805094767\s100000 0\s20\s10000000000 1\s0
w 848 272 688 272 0
w 688 272 624 304 0
f 944 288 1024 288 33 1.5 0.02
R 1024 272 1024 240 0 0 40 5 0 0 0.5
r 1024 304 1024 368 0 100000
g 1024 368 1024 384 0 0
w 1024 304 752 336 0
o 5 16 3 135426 27.41571956851419 0.0001 0 5 4 3 31 0 16 0 16 3
o 23 16 0 143618 4.045798685393289 0.0001 1 4 23 3 40 0 40 3
