$ 1 0.0000049999999999999996 16.817414165184545 68 1 50 5e-11
a 176 288 272 288 8 15 -15 1000000 -0.0000013271801578906205 0 100000
g 176 304 176 336 0 0
w 272 288 272 240 0
d 272 240 176 240 2 default
w 272 288 304 288 0
d 304 192 304 288 2 default
w 176 240 176 272 0
w 176 240 176 192 0
r 176 192 304 192 0 1000
r 176 192 176 128 0 1000
r 176 128 304 128 0 1000
r 304 128 304 192 0 500
a 352 144 448 144 8 15 -15 1000000 -2.008988897851643e-8 0 100000
w 304 128 352 128 0
w 352 128 352 96 0
r 352 96 448 96 0 1000
w 448 96 448 144 0
g 352 160 352 192 0 0
r 448 144 528 144 0 1000
a 528 160 624 160 8 15 -15 1000000 0.0000730986210349215 0 100000
g 528 176 512 176 0 0
c 528 48 624 48 0 1e-9 7.309935202113185 0.001
w 528 144 528 48 0
w 624 48 624 160 0
w 176 128 128 128 0
v 0 160 -48 160 0 1 53 1.4142135623730951 0 0 0.5
w 0 160 128 160 0
b -58 95 109 188 0
x -27 80 33 83 4 24 Piezo
v 0 128 -48 128 0 1 40 1.4142135623730951 0 0 0.5
v -48 160 -48 128 0 1 67 1.4142135623730951 0 0 0.5
c 0 128 48 128 0 3.7e-8 0.6488613409757029 0.001
r 48 128 128 128 0 100000
r 528 0 912 0 0 1000
g 128 160 128 176 0 0
a 688 176 768 176 8 15 -15 1000000 -7.30986210349215 -10 100000
R 688 192 656 192 0 0 40 -10 0 0 0.5
w 688 160 624 160 0
f 864 176 912 176 32 1.5 0.02
R 912 224 912 256 0 0 40 -15 0 0 0.5
w 912 0 912 160 0
w 528 0 528 48 0
r 816 176 816 224 0 10000
c 864 176 864 224 0 1e-8 -0.000009082372022461982 0.001
w 912 192 912 224 0
w 912 224 864 224 0
r 688 112 688 48 0 100000
d 624 48 688 48 2 default
g 688 112 672 112 0 0
207 752 48 800 48 4 Out
c 752 48 752 112 0 1e-8 -0.01696110086097453 0.001
w 688 48 752 48 0
w 688 112 752 112 0
d 768 176 816 176 2 default
w 816 224 864 224 0
w 864 176 816 176 0
o 24 64 0 4099 0.01953125 0.00009765625 0 1
o 23 64 0 4098 20 0.00009765625 0 2 23 3
o 49 64 0 4099 40 0.00009765625 1 1
