$ 1 0.000005 5.459815003314424 71 5 50 5e-11
g 656 288 656 304 0 0
207 656 240 608 240 4 Vin
a 752 256 848 256 8 3.6 0 1000000 0.7181788046722419 0 100000
r 752 192 848 192 0 10000
w 752 240 752 192 0
r 752 240 656 240 0 10000
g 752 272 752 288 0 0
207 1184 176 1232 176 4 Vout
d 848 256 848 192 2 default
g 1056 240 1056 256 0 0
r 992 176 1056 176 0 10000
c 1056 176 1056 240 0 1e-7 0.7102844801790882 0.001
v 656 288 656 240 0 1 200 1.4142135623730951 0 0 0.6
c 1120 176 1120 240 0 1e-7 0.8620338831354136 0.001
r 1056 176 1120 176 0 10000
g 1120 240 1120 256 0 0
c 1184 176 1184 240 0 1e-7 0.9087628547858762 0.001
r 1120 176 1184 176 0 10000
g 1184 240 1184 256 0 0
a 896 176 992 176 8 3.6 0 1000000 0.7164751573595466 0.7164643221111201 100000
w 896 160 896 128 0
w 896 128 992 128 0
w 896 192 848 192 0
w 992 176 992 128 0
o 1 16 0 20482 2.5 0.00009765625 0 1
o 7 16 0 135170 1.25 0.00009765625 1 1
