$ 1 0.000005 10.20027730826997 50 5 50 5e-11
c 592 464 592 560 0 0.1 4.073400192379363 4.2
g 592 560 592 576 0 0
34 fwdrop\q1.9 1 9.32e-11 0 3.180527877108043 0 1
162 688 352 688 400 2 fwdrop\q1.9 1 0 0 0.04
162 688 400 688 448 2 fwdrop\q1.9 1 0 0 0.04
w 688 560 624 560 1
w 624 560 592 560 0
w 592 464 592 352 0
w 624 528 624 560 0
r 688 560 688 512 0 47
w 688 480 688 512 0
w 624 464 624 496 0
r 624 464 624 352 0 100000
w 624 352 592 352 0
w 624 352 688 352 0
f 624 464 688 464 32 1 2
f 688 512 624 512 32 1 2
s 752 352 752 448 0 1 false
w 752 448 688 448 0
w 688 352 752 352 0
