$ 1 0.000005 2.1831051418620846 37 5 50 5e-11
v 512 304 512 208 0 1 60 33.941125496954285 0 0 0.5
d 560 256 608 208 2 default
d 608 208 656 256 2 default
d 560 256 608 304 2 default
d 608 304 656 256 2 default
w 512 304 608 304 0
w 512 208 608 208 0
r 720 224 720 288 0 10000
w 560 256 720 288 0
409 800 256 880 256 1 0.6 -30.16532677060986 0.023100000000000002 0
w 832 288 768 288 0
R 800 240 800 192 0 0 100 1 8 0 0.5
w 768 224 832 224 0
w 768 288 720 288 0
c 768 224 768 288 0 0.0022 32.43729050540539 0.001
w 720 224 768 224 0
w 928 288 832 288 0
g 832 288 832 304 0 0
f 880 224 880 176 41 1.5 1
w 768 224 768 176 0
w 768 176 864 176 1
c 928 176 928 288 0 0.0022 8.999449723940428 0.001
r 976 176 976 288 0 1000
w 976 288 928 288 0
w 896 176 928 176 0
w 928 176 976 176 0
p 1024 176 1024 288 1 0 0
w 1024 288 976 288 0
w 976 176 1024 176 0
w 800 272 928 176 0
w 656 256 720 224 0
w 880 256 880 224 0
o 14 4 0 143618 32.471330740809776 0.0001 0 2 14 3
o 26 4 0 143618 8.999476668084608 0.0001 1 1
