$ 1 0.000009999999999999999 10.634267539816555 50 5 43 5e-11
g -352 368 -352 400 0 0
w -256 304 -256 352 0
r -352 304 -256 304 0 10000
w -352 336 -352 304 0
w -400 304 -352 304 0
a -352 352 -256 352 8 15 -15 1000000 -0.00005005905111565868 0 100000
r -400 304 -400 368 0 3500
r -528 304 -400 304 0 10000
r -528 368 -528 304 0 10000
r -528 368 -400 368 0 10000
w -528 416 -528 368 0
w -528 416 -528 448 0
d -400 368 -400 464 2 default
w -432 464 -400 464 0
d -432 416 -528 416 2 default
w -432 464 -432 416 0
g -528 480 -528 512 0 0
a -528 464 -432 464 8 15 -15 1000000 0.000014667644010767127 0 100000
c -352 272 -256 272 0 0.000009999999999999999 -5.005955170616983 0.001
w -352 272 -352 304 0
w -256 272 -256 304 0
368 64 320 112 320 0 0
R -528 304 -576 304 0 6 40 7.0710678118654755 0 0 0.5
r -256 304 -160 304 0 1000
r -160 304 -80 304 0 1000
c -80 304 -80 368 0 0.00001 5.012506240820407 0.001
g -80 368 -80 384 0 0
a -16 320 64 320 9 15 -15 1000000 5.012456116259245 5.012506240820407 100000
w -16 304 -80 304 0
w -16 336 -16 368 0
w -16 368 64 368 0
w 64 368 64 320 0
w 64 320 64 256 0
c 64 256 -160 256 0 0.00001 -0.0003807846269241466 0.001
w -160 256 -160 304 0
o 21 16 0 12290 5.054674846054278 0.0001 0 2 21 3
