$ 1 0.000005 49.687244006919805 50 5 50 5e-11
a 624 320 736 320 8 15 -15 1000000 -0.0000038664917779879524 0 100000
a 864 320 976 320 8 15 -15 1000000 -0.000050414249273566295 0 100000
r 624 304 544 304 0 20000
w 624 304 624 256 0
r 624 256 736 256 0 20000
c 624 208 736 208 0 1e-11 -0.0011112072490636568 0.001
w 624 208 624 256 0
w 736 208 736 256 0
d 736 256 736 320 2 default
d 736 320 736 384 2 default
w 736 384 624 384 0
w 624 384 624 304 0
r 624 336 544 336 0 15000
g 544 336 544 384 0 0
r 544 176 864 176 0 20000
c 864 176 976 176 0 0.00001 -5.041475341605904 0.001
w 864 176 864 256 0
w 864 256 864 304 0
r 864 256 976 256 0 22200
w 976 256 976 320 0
w 976 256 976 176 0
r 864 256 736 256 0 10000
r 864 336 784 336 0 6200
g 784 336 784 384 0 0
w 544 176 544 304 0
R 464 304 416 304 0 1 120 7.0710678118654755 0 0 0.5
v 464 304 544 304 0 0 40 1 0 0 0.5
o 20 64 0 12291 5.05646944615122 0.0001 0 1
