$ 1 0.000005 10.20027730826997 50 5 50 5e-11
R 880 400 880 304 0 0 40 5 0 0 0.5
174 832 368 880 416 1 1000 0.49010000000000004 Resistance
p 880 464 944 400 3 0 0
174 992 368 944 416 1 1000 0.49010000000000004 Resistance
174 992 432 944 480 1 1000 0.5099 Resistance
174 832 432 880 480 1 1000 0.5099 Resistance
w 832 496 992 496 0
w 992 368 832 368 0
g 944 464 944 528 0 0
p 1152 336 1280 336 3 0 0
r 1152 240 1152 288 0 1200
w 1152 240 1216 240 0
w 1216 240 1280 240 0
R 1216 240 1216 208 0 0 40 5 0 0 0.5
r 1152 288 1152 336 0 1200
r 1280 240 1280 288 0 819.9999999999999
r 1280 288 1280 336 0 819.9999999999999
r 1152 336 1152 384 0 819.9999999999999
r 1152 384 1152 432 0 819.9999999999999
r 1280 336 1280 384 0 1200
r 1280 384 1280 432 0 1200
w 1280 432 1216 432 0
w 1216 432 1152 432 0
g 1216 432 1216 448 0 0
x 1106 321 1122 324 4 24 B
x 1316 271 1332 274 4 24 A
x 1107 258 1123 261 4 24 A
x 1106 369 1122 372 4 24 B
x 1319 319 1336 322 4 24 C
x 1319 376 1336 379 4 24 C
x 785 475 801 478 4 24 B
x 784 406 800 409 4 24 A
x 1012 405 1029 408 4 24 C
x 1013 470 1030 473 4 24 D
x 1107 416 1124 419 4 24 D
x 1318 419 1335 422 4 24 D
