$ 1 0.000005 0.8729138363720133 42 5 43 5e-11
r 192 144 272 144 0 1.92
c 272 144 272 208 0 0.00047 0.1305381779611456 0.1
g 48 176 48 192 0 0
g 272 208 272 224 0 0
c 192 144 192 208 0 1e-8 0.12980391233803348 0.1
g 192 208 192 224 0 0
r 272 144 352 144 0 3.3
c 352 144 352 208 0 0.0010069999999999999 0.1288505309034446 0.1
g 352 208 352 224 0 0
r 352 144 432 144 0 10
g 432 208 432 224 0 0
368 192 144 192 64 0 0
368 272 144 272 96 0 0
368 352 144 352 96 0 0
R 48 144 16 144 4 5 1 5 0 0 0.002
g 144 176 144 192 0 0
213 48 144 112 144 0 2 .3*(a-b)
w 144 144 192 144 0
r 240 64 384 64 0 62.5
w 384 64 432 144 0
w 192 144 240 64 0
c 432 144 432 208 0 0.5 0.10590088349113955 0.1
r 432 144 512 144 0 1000
g 512 144 512 224 0 0
o 11 8 0 12290 6.5265582803300415 0.0001 0 6 11 3 12 0 12 3 13 0 13 3
