$ 1 0.000015625 1.8479586061009856 61 10 50 5e-11
a 304 368 432 368 8 10 0 1000000 6.657879901807076 8.401479152997382 100000
w 304 352 304 304 0
r 304 304 432 304 0 10000
w 432 304 432 368 0
w 432 368 432 432 0
r 432 432 304 432 0 47000
w 304 384 304 432 0
r 304 432 208 432 0 100000
c 304 304 208 304 0 1.09e-7 6.657879901807076 0.001
g 208 304 208 336 0 0
211 432 368 512 368 0 1 8000 1
R 208 432 176 432 0 0 40 5 0 0 0.5
o 8 8 0 4099 20 0.00625 0 2 8 3
o 10 16 0 4106 20 0.00009765625 1 1
38 8 F1 0 1e-8 0.000001 -1 Capacitance
