$ 1 0.000005 10.20027730826997 43 5 50 5e-11
R 432 160 384 160 0 0 40 15 0 0 0.5
f 480 224 480 160 41 1.5 1
w 432 160 464 160 0
w 496 160 560 160 3
g 560 320 560 336 0 0
w 432 224 480 224 2
v 640 320 640 160 0 0 40 12 0 0 0.5
w 640 320 560 320 0
a 352 224 432 224 8 15 0 1000000 1 1.099955399311508 100000
R 336 208 272 208 0 0 40 1 0 0 0.5
f 480 304 528 304 32 1.5 1
w 528 320 560 320 0
w 528 192 560 160 0
r 560 160 640 160 0 10
a 352 304 432 304 8 15 0 1000000 1 0.9999553993115081 100000
w 336 208 336 272 0
w 336 272 352 288 0
w 336 208 352 208 0
w 352 320 320 288 0
w 320 272 352 240 0
w 528 192 528 288 1
w 480 304 432 304 2
w 352 240 320 224 0
w 320 224 320 128 0
w 320 128 560 128 0
w 560 128 560 160 0
r 480 304 480 368 0 100000
g 480 368 480 384 0 0
r 432 224 432 160 0 100000
r 560 160 560 320 0 1000
v 320 288 320 272 0 0 40 0.1 0 0 0.5
38 9 0 0 5 Voltage
