$ 1 5.000000000000001e-7 15.472767971186109 50 5 50 5e-11
r 592 176 592 256 0 1000
r 592 256 592 320 0 10000
g 592 320 592 336 0 0
r 832 176 832 128 0 1
R 832 128 832 96 0 0 40 5 0 0 0.5
w 832 176 688 176 0
w 656 256 592 256 0
r 832 224 832 176 0 47
w 832 288 832 320 1
g 832 400 832 416 0 0
c 784 272 784 320 0 1.0000000000000001e-7 0.5339755270988021 0.001
r 736 272 784 272 0 1
w 784 320 832 320 0
c 784 272 784 224 0 1.0000000000000001e-7 -0.7032667043183543 0.001
w 784 224 832 224 0
w 832 256 832 224 0
w 656 288 640 288 0
w 640 288 640 224 0
r 784 224 640 224 0 100000
c 640 224 640 192 0 1e-7 1.8922982368902312 0.001
g 640 192 640 160 0 0
409 656 272 736 272 1 0.6 -0.32955162274496375 0.0231 0
g 688 304 688 320 0 0
w 688 240 688 176 0
w 688 176 592 176 0
368 736 272 736 320 0 0
f 912 256 960 256 33 1.5 0.02
t 784 272 832 272 0 -1 0.5339755270988021 -0.7032667043183543 100 default
r 832 320 832 400 0 10
o 7 16 3 12298 1.1766457720274421 0.0001 0 3 25 0 25 3
o 6 16 0 28674 4.485678077739803 0.0001 0 4 6 3 17 0 17 3
