$ 1 5e-12 10.20027730826997 50 5 50 5e-11
r 368 192 416 192 0 10
c 368 192 368 240 0 1e-11 2.3251339092987644 0.001
l 416 192 464 192 0 1e-9 0.01568498357590401 0
c 464 192 464 240 0 1e-11 2.1679215812238386 0.001
r 464 192 512 192 0 10
l 512 192 560 192 0 1e-9 0.01821409577142689 0
c 560 192 560 240 0 1e-11 1.9861668711941258 0.001
w 368 240 464 240 0
w 464 240 560 240 0
w 560 240 656 240 0
c 656 192 656 240 0 1e-11 1.7803495589361948 0.001
l 608 192 656 192 0 1e-9 0.020699587976292934 0
r 560 192 608 192 0 10
w 656 240 752 240 0
c 752 192 752 240 0 1e-11 1.5516697259805892 0.001
l 704 192 752 192 0 1e-9 0.023065944784603734 0
r 656 192 704 192 0 10
w 752 240 848 240 0
c 848 192 848 240 0 1e-11 1.3020499883393502 0.001
l 800 192 848 192 0 1e-9 0.025237127148861692 0
r 752 192 800 192 0 10
r 1040 192 1088 192 0 10
l 1088 192 1136 192 0 1e-9 0.029885587809303994 0
w 944 240 1040 240 0
w 848 240 944 240 0
c 1040 192 1040 240 0 1e-11 0.7510763622147544 0.001
l 992 192 1040 192 0 1e-9 0.02870841745642274 0
r 944 192 992 192 0 10
c 944 192 944 240 0 1e-11 1.0341047694226135 0.001
l 896 192 944 192 0 1e-9 0.027140102299848534 0
r 848 192 896 192 0 10
f 752 592 800 592 32 1.5 0.02
f 752 528 800 528 33 1.5 0.02
w 800 544 800 576 0
g 752 240 752 256 0 0
g 800 608 800 624 0 0
R 800 512 800 480 0 0 40 5 0 0 0.5
w 752 528 752 592 0
w 320 304 320 192 0
w 320 192 368 192 0
w 800 544 1200 544 0
w 1200 544 1200 192 0
w 1200 192 1136 192 0
g 752 352 752 368 0 0
r 848 304 896 304 0 10
l 896 304 944 304 0 1e-9 -0.0030394623708095924 0
c 944 304 944 352 0 1e-11 2.8036188029285705 0.001
r 944 304 992 304 0 10
l 992 304 1040 304 0 1e-9 -0.0017221039915653925 0
c 1040 304 1040 352 0 1e-11 2.823587308393397 0.001
w 848 352 944 352 0
w 944 352 1040 352 0
w 1040 352 1136 352 0
c 1136 304 1136 352 0 1e-11 2.83293896883814 0.001
l 1088 304 1136 304 0 1e-9 -0.0006700200297893408 0
r 1040 304 1088 304 0 10
r 752 304 800 304 0 10
l 800 304 848 304 0 1e-9 -0.004620798656809161 0
c 848 304 848 352 0 1e-11 2.770473531741913 0.001
w 752 352 848 352 0
r 656 304 704 304 0 10
l 704 304 752 304 0 1e-9 -0.006454497276669633 0
c 752 304 752 352 0 1e-11 2.72161871627403 0.001
w 656 352 752 352 0
r 560 304 608 304 0 10
l 608 304 656 304 0 1e-9 -0.008517745996466765 0
c 656 304 656 352 0 1e-11 2.654648184554857 0.001
w 560 352 656 352 0
w 464 352 560 352 0
c 560 304 560 352 0 1e-11 2.567389120578926 0.001
l 512 304 560 304 0 1e-9 -0.010776153937106528 0
r 464 304 512 304 0 10
c 464 304 464 352 0 1e-11 2.458011402308401 0.001
l 416 304 464 304 0 1e-9 -0.01318397164519844 0
r 368 304 416 304 0 10
g 752 464 752 480 0 0
r 848 416 896 416 0 10
l 896 416 944 416 0 1e-9 -0.0010089657273383626 0
c 944 416 944 464 0 1e-11 2.8296482495712443 0.001
r 944 416 992 416 0 10
l 992 416 1040 416 0 1e-9 -0.0006770731862240425 0
c 1040 416 1040 464 0 1e-11 2.83417219088509 0.001
w 848 464 944 464 0
w 944 464 1040 464 0
l 1088 416 1136 416 0 1e-9 -0.0001245719037154674 0
r 1040 416 1088 416 0 10
r 752 416 800 416 0 10
l 800 416 848 416 0 1e-9 -0.0011463222839367116 0
c 848 416 848 464 0 1e-11 2.8215296779453705 0.001
w 752 464 848 464 0
r 656 416 704 416 0 10
l 704 416 752 416 0 1e-9 -0.001118467585397871 0
c 752 416 752 464 0 1e-11 2.8117324518666957 0.001
w 656 464 752 464 0
r 560 416 608 416 0 10
l 608 416 656 416 0 1e-9 -0.0009568626839090008 0
c 656 416 656 464 0 1e-11 2.8018908072171733 0.001
w 560 464 656 464 0
w 464 464 560 464 0
w 368 464 464 464 0
c 560 416 560 464 0 1e-11 2.793332857275491 0.001
l 512 416 560 416 0 1e-9 -0.0006942485735175522 0
r 464 416 512 416 0 10
c 464 416 464 464 0 1e-11 2.787064806911063 0.001
l 416 416 464 416 0 1e-9 -0.0003640487897963009 0
c 368 416 368 464 0 1e-11 2.7837615299992335 0.001
r 368 416 416 416 0 10
w 320 304 368 304 0
w 1136 416 1184 416 0
w 1184 416 1184 304 0
w 1184 304 1136 304 0
w 320 528 320 416 0
w 320 416 368 416 0
w 640 528 640 592 0
R 688 512 688 480 0 0 40 5 0 0 0.5
g 688 608 688 624 0 0
w 688 544 688 576 0
f 640 528 688 528 33 1.5 0.02
f 640 592 688 592 32 1.5 0.02
w 528 528 528 592 0
R 576 512 576 480 0 0 40 5 0 0 0.5
g 576 608 576 624 0 0
w 576 544 576 576 0
f 528 528 576 528 33 1.5 0.02
f 528 592 576 592 32 1.5 0.02
w 320 528 528 528 0
w 576 576 640 592 0
w 688 576 752 592 0
o 40 64 0 4099 10 0.2 0 1
