$ 1 0.000005 10.20027730826997 50 5 43 5e-11
a 160 112 256 112 8 15 -15 1000000 1.499950002599864 1.499970001599916 100000
a 336 224 240 224 8 15 -15 1000000 0.9999400031998319 0.999950002599864 100000
r 256 112 368 112 0 1000
w 336 208 336 176 0
w 336 176 240 176 0
w 240 176 240 224 0
r 160 64 256 64 0 10000
w 160 64 160 96 0
w 256 112 256 64 0
r 160 64 96 64 0 10000
w 160 128 160 224 0
r 160 224 240 224 0 10000
r 160 224 96 224 0 10000
w 368 240 368 112 0
w 368 240 336 240 0
r 416 112 416 240 0 1000
g 416 240 416 256 0 0
w 416 112 368 112 0
v 96 64 96 224 0 0 40 1 0 0 0.5
v 16 112 16 64 0 0 40 1 0 0 0.5
g 16 112 16 128 0 0
w 96 64 16 64 0
